1 
2 
26 
3 
51 
27 
199 
4 
224 
52 
239 
28 
105 
200 
76 
5 
101 
225 
15 
53 
142 
240 
130 
29 
194 
106 
249 
201 
9 
77 
114 
6 
139 
102 
48 
226 
37 
16 
34 
54 
148 
143 
219 
241 
19 
131 
70 
30 
182 
195 
126 
107 
40 
250 
186 
202 
155 
10 
121 
78 
229 
115 
167 
7 
192 
140 
99 
103 
222 
49 
254 
227 
153 
38 
180 
17 
146 
35 
137 
55 
209 
149 
207 
144 
151 
220 
190 
242 
211 
20 
93 
132 
57 
71 
65 
31 
67 
183 
164 
196 
73 
127 
111 
108 
59 
41 
85 
251 
134 
187 
62 
203 
95 
156 
160 
11 
22 
122 
44 
79 
213 
230 
173 
116 
244 
168 
88 
8 
113 
193 
248 
141 
129 
100 
14 
104 
75 
223 
238 
50 
198 
255 
25 
228 
166 
154 
120 
39 
185 
181 
125 
18 
69 
147 
218 
36 
33 
138 
47 
56 
64 
210 
92 
150 
189 
208 
206 
145 
136 
152 
179 
221 
253 
191 
98 
243 
87 
212 
172 
21 
43 
94 
159 
133 
61 
58 
84 
72 
110 
66 
163 
32 
46 
68 
217 
184 
124 
165 
119 
197 
24 
74 
237 
128 
13 
112 
247 
109 
162 
60 
83 
42 
158 
86 
171 
252 
97 
135 
178 
188 
205 
63 
91 
204 
90 
96 
177 
157 
170 
161 
82 
12 
246 
23 
236 
123 
118 
45 
216 
80 
175 
214 
234 
231 
232 
174 
233 
117 
215 
245 
235 
169 
81 
89 
176 
