71 
231 
2 
149 
56 
64 
234 
160 
32 
82 
144 
48 
236 
199 
243 
30 
131 
19 
237 
213 
171 
184 
83 
207 
64 
142 
73 
22 
179 
69 
26 
130 
24 
32 
156 
74 
189 
204 
84 
105 
21 
181 
109 
151 
234 
47 
212 
242 
225 
53 
97 
178 
45 
112 
85 
138 
140 
124 
75 
98 
195 
228 
40 
207 
150 
179 
94 
152 
171 
128 
75 
115 
109 
143 
200 
132 
101 
143 
34 
27 
127 
149 
65 
30 
32 
41 
96 
45 
41 
38 
197 
135 
140 
102 
54 
205 
193 
113 
25 
62 
239 
90 
253 
179 
165 
247 
2 
107 
75 
233 
174 
51 
92 
149 
43 
43 
78 
136 
179 
227 
243 
234 
216 
78 
218 
182 
163 
164 
238 
161 
166 
193 
207 
153 
184 
25 
155 
174 
105 
57 
69 
119 
190 
36 
238 
87 
222 
3 
134 
94 
243 
178 
171 
46 
58 
0 
185 
167 
193 
116 
155 
109 
241 
251 
13 
125 
162 
184 
81 
133 
124 
236 
34 
120 
47 
10 
202 
238 
62 
98 
168 
41 
18 
98 
245 
84 
251 
110 
71 
82 
213 
4 
148 
29 
137 
9 
37 
73 
86 
64 
157 
108 
173 
219 
186 
164 
56 
160 
167 
222 
43 
59 
203 
186 
224 
97 
179 
126 
22 
96 
98 
59 
76 
186 
50 
2 
12 
28 
160 
199 
134 
193 
10 
134 
48 
100 
66 
78 
183 
92 
130 
108 
166 
143 
196 
109 
91 
167 
146 
121 
57 
107 
138 
249 
138 
37 
15 
113 
197 
116 
224 
113 
203 
164 
41 
228 
219 
15 
61 
229 
20 
241 
16 
60 
221 
49 
3 
16 
238 
96 
60 
24 
223 
100 
140 
252 
146 
120 
72 
58 
194 
229 
104 
6 
150 
54 
154 
94 
207 
47 
133 
86 
123 
222 
109 
41 
114 
236 
51 
223 
238 
241 
246 
81 
97 
50 
86 
33 
105 
125 
34 
177 
40 
2 
226 
49 
255 
43 
12 
230 
144 
184 
33 
73 
132 
99 
241 
152 
29 
120 
50 
80 
18 
226 
141 
107 
219 
126 
132 
50 
218 
197 
152 
251 
29 
219 
11 
47 
34 
94 
164 
88 
250 
235 
209 
142 
142 
45 
204 
132 
220 
194 
163 
237 
58 
135 
71 
119 
189 
19 
131 
225 
207 
127 
123 
161 
102 
168 
105 
58 
42 
233 
77 
85 
220 
43 
213 
120 
145 
51 
153 
172 
188 
129 
210 
205 
71 
227 
236 
172 
172 
31 
184 
222 
192 
56 
162 
86 
6 
202 
210 
25 
143 
183 
184 
163 
160 
252 
94 
209 
159 
232 
108 
216 
158 
30 
52 
129 
61 
6 
157 
103 
32 
218 
214 
240 
140 
19 
105 
181 
165 
62 
251 
132 
33 
0 
42 
117 
145 
99 
105 
61 
35 
166 
5 
211 
72 
200 
208 
20 
17 
211 
226 
114 
108 
179 
227 
158 
254 
35 
224 
186 
6 
163 
205 
53 
209 
123 
197 
253 
42 
39 
252 
198 
231 
220 
65 
55 
82 
216 
128 
170 
79 
143 
245 
226 
73 
163 
182 
99 
29 
157 
96 
6 
115 
246 
21 
139 
48 
134 
255 
152 
84 
20 
98 
232 
244 
156 
165 
117 
81 
234 
154 
43 
117 
0 
130 
167 
35 
217 
30 
9 
207 
75 
233 
173 
217 
12 
86 
199 
178 
206 
43 
111 
165 
83 
80 
154 
184 
156 
231 
251 
147 
172 
71 
115 
184 
249 
151 
190 
210 
28 
19 
249 
224 
62 
190 
109 
155 
5 
106 
51 
162 
216 
221 
202 
21 
35 
107 
54 
213 
201 
216 
206 
134 
86 
125 
249 
251 
101 
60 
55 
118 
204 
60 
118 
102 
192 
83 
227 
155 
47 
32 
254 
181 
78 
55 
165 
224 
79 
219 
34 
36 
199 
142 
164 
205 
34 
69 
1 
6 
173 
201 
34 
9 
33 
117 
185 
13 
208 
61 
57 
251 
199 
236 
157 
201 
24 
75 
66 
180 
85 
144 
23 
160 
231 
75 
36 
47 
178 
152 
159 
45 
247 
18 
233 
47 
100 
196 
160 
151 
51 
206 
34 
162 
62 
1 
214 
2 
104 
94 
131 
131 
102 
86 
246 
154 
102 
152 
219 
192 
79 
91 
57 
162 
226 
75 
154 
234 
170 
124 
123 
49 
53 
72 
118 
206 
130 
5 
81 
191 
195 
47 
50 
244 
63 
82 
182 
206 
137 
139 
5 
72 
10 
76 
9 
248 
186 
105 
231 
150 
210 
24 
89 
111 
93 
225 
83 
173 
227 
187 
100 
238 
42 
11 
159 
50 
16 
24 
91 
172 
31 
71 
212 
27 
114 
156 
206 
169 
19 
130 
66 
7 
14 
204 
52 
69 
60 
146 
53 
162 
129 
144 
112 
157 
25 
234 
28 
21 
252 
151 
106 
253 
79 
136 
248 
67 
215 
28 
106 
80 
216 
254 
190 
209 
87 
111 
141 
60 
246 
223 
194 
15 
146 
157 
210 
53 
91 
54 
62 
232 
253 
22 
198 
64 
90 
151 
85 
228 
194 
18 
222 
195 
152 
10 
56 
65 
237 
74 
161 
165 
95 
82 
245 
85 
174 
200 
100 
169 
176 
17 
148 
38 
1 
97 
80 
183 
162 
5 
169 
9 
250 
237 
251 
2 
134 
20 
136 
70 
234 
124 
229 
255 
172 
243 
251 
62 
29 
7 
66 
193 
226 
116 
160 
105 
113 
12 
88 
29 
75 
198 
84 
20 
43 
110 
80 
127 
149 
148 
243 
237 
205 
93 
80 
15 
166 
239 
14 
123 
23 
90 
17 
59 
58 
220 
142 
137 
42 
86 
222 
185 
179 
159 
117 
198 
54 
23 
217 
162 
60 
54 
154 
227 
155 
250 
177 
7 
22 
185 
213 
125 
242 
98 
169 
228 
159 
39 
84 
221 
202 
71 
54 
243 
75 
148 
175 
171 
136 
249 
206 
246 
44 
233 
168 
62 
78 
98 
32 
211 
85 
62 
162 
137 
42 
196 
3 
141 
141 
65 
87 
111 
123 
140 
75 
75 
114 
181 
242 
94 
85 
146 
12 
211 
124 
67 
233 
84 
82 
135 
214 
142 
141 
68 
87 
43 
202 
69 
142 
156 
165 
121 
162 
230 
41 
7 
13 
104 
210 
80 
120 
1 
231 
134 
207 
65 
150 
201 
217 
14 
53 
145 
191 
136 
127 
117 
250 
192 
91 
72 
182 
166 
120 
214 
25 
95 
232 
242 
33 
8 
172 
146 
178 
134 
176 
40 
178 
28 
31 
196 
176 
229 
245 
96 
136 
212 
61 
28 
29 
165 
20 
47 
100 
124 
31 
234 
235 
11 
7 
63 
9 
144 
80 
32 
206 
191 
8 
158 
42 
203 
207 
16 
180 
137 
193 
73 
199 
60 
168 
134 
117 
117 
48 
107 
229 
187 
105 
252 
207 
159 
54 
6 
26 
47 
130 
70 
153 
104 
174 
9 
40 
185 
19 
25 
183 
155 
207 
197 
211 
126 
51 
138 
59 
10 
245 
97 
1 
152 
204 
71 
255 
175 
187 
155 
184 
209 
126 
72 
236 
72 
137 
231 
201 
193 
240 
16 
105 
168 
91 
233 
57 
52 
116 
173 
96 
242 
51 
190 
165 
227 
124 
205 
218 
157 
169 
25 
175 
34 
100 
79 
50 
120 
42 
122 
253 
64 
6 
19 
42 
62 
64 
104 
52 
200 
224 
240 
197 
117 
147 
91 
62 
92 
118 
184 
137 
112 
195 
128 
235 
27 
212 
33 
50 
45 
102 
65 
113 
190 
220 
222 
72 
207 
153 
8 
121 
89 
171 
108 
158 
46 
235 
47 
20 
62 
175 
106 
215 
194 
43 
93 
77 
70 
64 
244 
156 
154 
89 
33 
35 
165 
84 
233 
170 
229 
179 
20 
236 
110 
144 
42 
24 
83 
4 
252 
247 
247 
243 
109 
123 
12 
121 
54 
34 
189 
159 
113 
149 
162 
27 
254 
192 
241 
89 
184 
67 
219 
206 
115 
1 
48 
94 
102 
76 
119 
111 
141 
35 
211 
137 
131 
134 
193 
249 
178 
204 
66 
195 
153 
75 
17 
9 
230 
123 
24 
237 
195 
46 
98 
158 
59 
103 
204 
121 
2 
177 
123 
208 
71 
114 
115 
217 
205 
114 
43 
159 
42 
219 
16 
56 
188 
94 
38 
254 
122 
172 
221 
216 
185 
49 
30 
160 
84 
65 
232 
250 
176 
104 
136 
198 
20 
211 
57 
220 
202 
59 
111 
135 
253 
208 
213 
53 
138 
118 
132 
57 
31 
18 
102 
60 
240 
1 
170 
160 
250 
174 
12 
149 
120 
172 
107 
83 
20 
230 
110 
100 
8 
133 
87 
172 
43 
219 
208 
155 
180 
200 
252 
152 
11 
20 
240 
18 
230 
167 
243 
224 
83 
223 
100 
181 
193 
80 
215 
52 
72 
13 
135 
89 
120 
198 
115 
57 
100 
170 
90 
191 
24 
140 
86 
252 
152 
53 
91 
164 
197 
73 
85 
142 
14 
253 
4 
41 
68 
47 
141 
124 
237 
190 
107 
122 
238 
78 
37 
102 
178 
187 
222 
80 
29 
0 
154 
90 
184 
169 
116 
200 
59 
181 
194 
219 
132 
93 
55 
119 
198 
229 
216 
185 
169 
71 
253 
124 
195 
20 
17 
87 
20 
41 
86 
157 
65 
94 
215 
115 
169 
88 
22 
120 
6 
106 
0 
16 
121 
174 
52 
248 
71 
67 
55 
173 
138 
6 
97 
153 
39 
58 
224 
211 
239 
254 
56 
80 
152 
151 
80 
14 
245 
110 
76 
82 
109 
113 
146 
59 
124 
223 
3 
45 
96 
47 
236 
253 
215 
91 
132 
142 
52 
159 
191 
133 
155 
116 
96 
243 
152 
175 
4 
11 
252 
17 
4 
251 
183 
235 
156 
112 
174 
71 
247 
14 
217 
236 
218 
155 
132 
195 
27 
126 
64 
105 
228 
126 
135 
222 
168 
211 
18 
243 
6 
190 
30 
220 
137 
89 
127 
80 
130 
5 
195 
11 
58 
107 
126 
196 
103 
171 
254 
48 
249 
61 
94 
152 
71 
234 
109 
48 
212 
206 
220 
183 
42 
49 
15 
122 
110 
244 
212 
149 
62 
142 
143 
45 
31 
211 
118 
168 
137 
23 
23 
9 
216 
167 
227 
217 
108 
190 
212 
112 
52 
213 
109 
205 
17 
18 
167 
76 
172 
24 
61 
241 
136 
90 
60 
228 
107 
154 
171 
49 
33 
230 
153 
97 
193 
179 
62 
31 
205 
166 
128 
166 
238 
180 
192 
54 
175 
60 
188 
40 
226 
251 
55 
89 
215 
107 
71 
21 
4 
178 
118 
79 
74 
232 
104 
14 
111 
176 
149 
226 
3 
87 
254 
204 
107 
230 
243 
55 
133 
242 
29 
225 
71 
132 
229 
108 
222 
11 
130 
84 
135 
203 
70 
103 
61 
87 
236 
124 
35 
183 
240 
95 
121 
239 
137 
191 
130 
23 
222 
154 
98 
80 
17 
157 
67 
57 
97 
209 
11 
2 
153 
175 
55 
108 
88 
140 
36 
96 
9 
124 
176 
57 
3 
100 
210 
237 
58 
80 
57 
177 
201 
115 
222 
21 
193 
99 
126 
182 
140 
249 
116 
217 
191 
222 
195 
37 
38 
236 
122 
60 
255 
223 
78 
161 
185 
12 
66 
221 
120 
95 
187 
81 
179 
94 
163 
214 
16 
64 
4 
10 
102 
176 
226 
110 
93 
170 
24 
161 
145 
135 
175 
246 
0 
28 
185 
191 
32 
173 
74 
64 
193 
48 
150 
183 
154 
234 
87 
14 
242 
108 
105 
164 
55 
234 
31 
35 
144 
68 
170 
254 
205 
67 
119 
60 
228 
34 
85 
156 
39 
63 
80 
130 
189 
218 
137 
33 
235 
230 
61 
2 
251 
71 
72 
175 
71 
37 
217 
72 
206 
64 
117 
169 
191 
5 
222 
225 
151 
150 
75 
43 
166 
174 
175 
224 
123 
217 
240 
114 
134 
57 
143 
30 
65 
126 
246 
113 
110 
157 
82 
25 
117 
26 
39 
225 
222 
189 
104 
121 
128 
63 
75 
49 
184 
248 
196 
245 
2 
81 
96 
177 
99 
82 
72 
112 
36 
17 
20 
171 
126 
166 
19 
199 
98 
104 
196 
129 
101 
36 
15 
156 
99 
28 
69 
21 
155 
104 
29 
7 
168 
135 
49 
69 
17 
15 
14 
90 
102 
72 
243 
10 
181 
168 
108 
125 
72 
15 
11 
132 
215 
175 
35 
240 
11 
195 
23 
103 
184 
40 
7 
74 
219 
45 
208 
168 
102 
81 
218 
205 
150 
72 
217 
188 
122 
172 
193 
28 
81 
119 
6 
209 
187 
115 
176 
128 
206 
159 
179 
5 
58 
165 
167 
103 
182 
162 
119 
88 
217 
235 
119 
224 
15 
137 
11 
12 
44 
203 
237 
77 
136 
120 
35 
135 
81 
81 
186 
218 
184 
35 
161 
104 
210 
75 
238 
27 
189 
9 
156 
132 
199 
225 
50 
41 
71 
217 
82 
25 
46 
10 
97 
251 
86 
86 
212 
160 
239 
113 
69 
106 
250 
182 
144 
52 
81 
216 
72 
228 
25 
28 
107 
108 
85 
88 
104 
32 
166 
4 
39 
19 
19 
144 
130 
112 
86 
73 
19 
43 
42 
111 
141 
143 
173 
20 
146 
11 
103 
65 
144 
126 
69 
238 
213 
203 
58 
121 
222 
124 
66 
57 
69 
188 
119 
42 
240 
15 
97 
236 
7 
107 
80 
92 
136 
197 
242 
177 
41 
198 
228 
158 
118 
62 
92 
92 
54 
72 
20 
238 
19 
196 
33 
164 
87 
174 
237 
194 
53 
53 
129 
77 
218 
48 
27 
254 
20 
37 
140 
61 
253 
22 
116 
123 
187 
140 
225 
181 
212 
224 
146 
125 
124 
238 
169 
59 
12 
108 
54 
46 
199 
113 
93 
26 
145 
111 
153 
98 
157 
28 
55 
12 
143 
16 
93 
236 
221 
242 
11 
229 
36 
13 
37 
205 
137 
94 
235 
153 
49 
218 
3 
144 
169 
113 
245 
208 
216 
158 
206 
233 
51 
207 
20 
184 
87 
236 
242 
175 
132 
134 
79 
171 
124 
36 
71 
18 
92 
56 
144 
93 
204 
166 
43 
226 
192 
23 
234 
238 
189 
92 
108 
140 
92 
17 
75 
249 
147 
168 
74 
190 
196 
70 
126 
134 
84 
228 
193 
196 
120 
180 
179 
246 
113 
73 
212 
152 
70 
28 
73 
180 
180 
147 
23 
76 
160 
136 
171 
164 
190 
220 
171 
177 
189 
187 
85 
33 
143 
205 
75 
255 
108 
161 
127 
72 
175 
12 
229 
194 
46 
51 
25 
199 
41 
183 
194 
100 
123 
103 
101 
145 
45 
23 
136 
25 
126 
135 
34 
92 
142 
151 
254 
254 
135 
90 
125 
9 
51 
60 
152 
202 
71 
197 
158 
179 
163 
134 
51 
121 
122 
178 
71 
131 
188 
28 
136 
196 
207 
0 
105 
145 
57 
234 
200 
99 
114 
96 
158 
159 
17 
91 
1 
53 
157 
238 
135 
69 
90 
56 
52 
107 
171 
192 
80 
8 
12 
89 
122 
199 
23 
136 
81 
116 
133 
55 
10 
219 
74 
43 
249 
132 
102 
194 
233 
126 
8 
214 
73 
60 
104 
174 
79 
235 
166 
235 
217 
156 
229 
178 
186 
74 
213 
180 
71 
144 
222 
11 
13 
226 
136 
189 
208 
15 
189 
23 
44 
17 
189 
254 
119 
191 
237 
10 
26 
124 
155 
255 
25 
133 
13 
4 
141 
217 
173 
106 
238 
110 
75 
61 
131 
253 
91 
52 
103 
26 
126 
173 
208 
18 
105 
112 
245 
121 
62 
133 
87 
128 
135 
22 
16 
223 
94 
198 
172 
67 
15 
134 
202 
151 
58 
92 
3 
189 
73 
167 
92 
97 
116 
194 
127 
159 
51 
67 
28 
251 
165 
68 
253 
166 
252 
8 
55 
45 
95 
129 
39 
159 
50 
122 
179 
227 
80 
247 
9 
159 
240 
49 
10 
173 
80 
94 
136 
38 
29 
242 
114 
105 
220 
206 
123 
172 
208 
121 
130 
242 
7 
230 
139 
64 
206 
218 
84 
180 
208 
238 
115 
78 
82 
119 
179 
20 
205 
222 
37 
104 
55 
22 
115 
153 
242 
36 
84 
223 
166 
49 
75 
203 
252 
1 
97 
209 
72 
48 
100 
30 
138 
123 
155 
109 
14 
4 
32 
118 
88 
34 
125 
151 
138 
145 
220 
43 
68 
239 
123 
6 
32 
54 
140 
28 
114 
69 
71 
137 
241 
239 
96 
74 
185 
128 
106 
118 
209 
177 
229 
89 
121 
236 
117 
179 
237 
160 
78 
250 
42 
240 
211 
231 
220 
132 
156 
253 
90 
150 
89 
29 
80 
252 
68 
244 
160 
140 
15 
203 
43 
132 
165 
167 
129 
109 
65 
171 
255 
116 
23 
76 
96 
246 
124 
167 
47 
95 
221 
18 
106 
143 
185 
13 
236 
208 
15 
155 
46 
108 
206 
65 
89 
125 
109 
46 
140 
181 
113 
156 
245 
53 
104 
183 
249 
65 
36 
200 
239 
98 
64 
126 
238 
138 
171 
143 
25 
108 
105 
239 
30 
66 
222 
114 
173 
193 
89 
128 
51 
81 
65 
53 
205 
200 
178 
237 
114 
63 
247 
212 
165 
66 
129 
154 
187 
122 
208 
16 
217 
24 
47 
76 
55 
60 
182 
171 
209 
166 
137 
58 
224 
185 
171 
80 
141 
255 
203 
85 
132 
100 
27 
149 
107 
88 
95 
16 
135 
48 
164 
159 
216 
70 
196 
3 
79 
127 
172 
112 
184 
64 
134 
240 
117 
126 
226 
90 
177 
69 
137 
124 
143 
228 
63 
247 
71 
51 
71 
201 
26 
166 
142 
198 
8 
160 
44 
231 
219 
161 
109 
171 
115 
5 
52 
11 
112 
128 
89 
55 
103 
246 
127 
198 
157 
57 
143 
126 
226 
203 
0 
75 
23 
104 
253 
16 
78 
84 
24 
18 
40 
183 
131 
233 
250 
232 
20 
253 
124 
168 
20 
231 
33 
31 
210 
132 
38 
90 
153 
23 
63 
14 
15 
174 
234 
191 
95 
159 
187 
152 
195 
75 
102 
99 
255 
145 
192 
30 
152 
72 
129 
182 
154 
222 
102 
124 
124 
11 
253 
5 
123 
78 
173 
104 
40 
249 
124 
222 
130 
80 
143 
166 
146 
208 
141 
19 
47 
182 
95 
120 
76 
75 
141 
139 
240 
28 
10 
12 
63 
170 
44 
67 
128 
13 
104 
12 
108 
243 
248 
36 
41 
146 
44 
232 
74 
211 
115 
80 
112 
56 
130 
222 
242 
88 
188 
138 
218 
108 
60 
246 
189 
208 
79 
94 
23 
69 
14 
255 
93 
240 
198 
161 
190 
18 
161 
105 
176 
159 
202 
239 
66 
18 
21 
202 
254 
95 
154 
161 
191 
101 
129 
213 
167 
108 
70 
89 
71 
113 
246 
205 
111 
164 
37 
53 
184 
245 
234 
32 
11 
155 
251 
146 
205 
19 
152 
104 
116 
13 
50 
51 
159 
60 
79 
57 
107 
221 
195 
30 
25 
57 
147 
74 
227 
64 
144 
149 
145 
15 
81 
178 
9 
118 
210 
143 
211 
21 
223 
146 
34 
150 
225 
74 
78 
152 
53 
10 
207 
44 
106 
64 
213 
173 
247 
176 
203 
41 
230 
90 
32 
148 
199 
14 
100 
183 
213 
60 
38 
124 
251 
226 
247 
223 
89 
78 
29 
70 
75 
42 
89 
159 
169 
167 
62 
25 
195 
150 
162 
183 
78 
243 
124 
187 
21 
66 
184 
0 
175 
182 
188 
194 
111 
57 
29 
53 
145 
47 
18 
184 
206 
189 
226 
198 
153 
155 
45 
109 
71 
2 
241 
44 
250 
163 
247 
55 
50 
104 
248 
156 
170 
14 
224 
43 
45 
8 
236 
200 
196 
14 
63 
243 
174 
130 
226 
90 
220 
94 
183 
243 
14 
92 
134 
123 
60 
231 
86 
26 
229 
5 
25 
130 
146 
244 
35 
65 
217 
36 
17 
246 
200 
90 
250 
76 
139 
95 
71 
95 
136 
78 
47 
151 
248 
13 
24 
8 
160 
58 
153 
210 
153 
10 
23 
177 
126 
183 
151 
169 
80 
242 
13 
90 
16 
214 
217 
127 
73 
159 
239 
220 
202 
31 
110 
20 
5 
232 
116 
142 
218 
53 
164 
18 
122 
137 
18 
123 
20 
224 
117 
233 
50 
56 
34 
219 
43 
19 
189 
119 
102 
242 
148 
141 
108 
31 
126 
141 
80 
135 
145 
55 
243 
111 
167 
160 
196 
146 
173 
201 
80 
151 
236 
32 
129 
141 
11 
115 
89 
117 
243 
21 
220 
247 
195 
175 
191 
216 
224 
25 
213 
189 
151 
188 
239 
42 
198 
159 
167 
203 
132 
244 
76 
12 
130 
153 
19 
174 
73 
9 
93 
55 
22 
185 
40 
2 
247 
95 
140 
2 
126 
76 
187 
12 
16 
37 
237 
242 
137 
249 
46 
231 
155 
24 
69 
65 
143 
252 
95 
86 
30 
150 
24 
41 
176 
85 
30 
41 
199 
152 
40 
57 
142 
43 
234 
175 
205 
196 
25 
248 
236 
249 
124 
9 
82 
63 
43 
246 
158 
88 
114 
55 
44 
246 
56 
114 
71 
249 
250 
64 
227 
170 
193 
94 
247 
204 
35 
216 
90 
186 
79 
169 
6 
148 
66 
246 
115 
20 
248 
191 
72 
95 
51 
126 
28 
82 
201 
94 
50 
146 
38 
196 
32 
30 
153 
230 
14 
40 
134 
216 
187 
223 
225 
87 
58 
125 
148 
174 
216 
221 
219 
175 
49 
44 
39 
97 
101 
46 
48 
182 
123 
242 
234 
247 
72 
254 
39 
53 
39 
69 
197 
105 
181 
70 
214 
133 
160 
128 
85 
217 
98 
220 
6 
141 
194 
134 
180 
118 
46 
232 
23 
99 
92 
168 
184 
213 
204 
147 
6 
92 
158 
2 
61 
172 
37 
81 
198 
57 
177 
187 
229 
1 
22 
93 
72 
174 
64 
48 
82 
103 
41 
12 
22 
24 
22 
232 
199 
156 
105 
80 
169 
66 
81 
124 
237 
12 
1 
38 
152 
59 
76 
58 
92 
204 
242 
115 
17 
190 
50 
135 
141 
76 
94 
181 
119 
123 
83 
30 
73 
249 
202 
241 
43 
142 
61 
29 
227 
170 
248 
68 
11 
241 
5 
172 
96 
2 
221 
1 
120 
210 
157 
100 
66 
122 
71 
116 
186 
151 
206 
250 
230 
108 
142 
31 
136 
202 
126 
102 
200 
126 
38 
120 
188 
180 
101 
72 
93 
255 
94 
158 
3 
5 
191 
223 
156 
147 
66 
56 
33 
75 
140 
213 
150 
74 
224 
55 
5 
81 
235 
150 
69 
228 
7 
46 
99 
219 
18 
15 
48 
172 
239 
123 
16 
227 
2 
179 
186 
243 
179 
240 
169 
5 
157 
6 
95 
230 
164 
29 
111 
202 
134 
77 
90 
208 
194 
28 
59 
238 
68 
48 
234 
196 
138 
0 
165 
95 
39 
84 
167 
140 
234 
148 
170 
191 
107 
242 
134 
139 
155 
166 
189 
240 
156 
155 
239 
231 
64 
173 
146 
138 
53 
121 
227 
230 
19 
190 
90 
173 
126 
107 
228 
177 
4 
234 
18 
10 
72 
200 
2 
223 
6 
163 
74 
5 
17 
243 
245 
122 
138 
179 
107 
26 
93 
214 
104 
103 
176 
75 
15 
60 
132 
252 
191 
93 
176 
38 
247 
169 
128 
155 
182 
223 
26 
174 
225 
74 
111 
34 
207 
137 
155 
124 
208 
235 
238 
19 
174 
133 
8 
83 
139 
252 
71 
141 
43 
77 
44 
41 
144 
47 
8 
236 
22 
85 
24 
19 
2 
158 
57 
212 
89 
16 
173 
127 
101 
132 
132 
239 
250 
164 
90 
92 
160 
20 
208 
233 
53 
76 
231 
237 
75 
57 
80 
47 
254 
68 
35 
160 
80 
116 
203 
173 
184 
46 
166 
43 
197 
115 
226 
66 
191 
17 
0 
97 
85 
121 
24 
80 
144 
176 
157 
170 
91 
63 
94 
77 
136 
63 
4 
241 
11 
191 
86 
166 
104 
114 
206 
99 
234 
112 
47 
78 
238 
93 
106 
182 
68 
224 
87 
109 
169 
167 
195 
203 
49 
250 
99 
157 
145 
103 
244 
62 
241 
121 
246 
72 
127 
162 
46 
38 
207 
49 
132 
51 
237 
205 
183 
103 
96 
78 
127 
11 
158 
10 
85 
59 
213 
202 
101 
97 
130 
158 
167 
217 
186 
65 
239 
53 
87 
45 
10 
203 
27 
214 
61 
33 
49 
27 
206 
3 
138 
156 
29 
66 
111 
127 
200 
138 
108 
32 
121 
46 
113 
71 
155 
190 
254 
255 
182 
42 
205 
92 
76 
116 
237 
185 
245 
140 
82 
38 
71 
123 
171 
114 
109 
189 
52 
205 
183 
16 
194 
136 
248 
101 
63 
68 
123 
61 
199 
142 
23 
223 
163 
30 
166 
228 
171 
227 
1 
45 
117 
119 
172 
109 
105 
231 
202 
22 
176 
65 
152 
76 
128 
127 
231 
40 
179 
15 
152 
147 
170 
235 
12 
90 
88 
162 
151 
190 
226 
226 
89 
223 
209 
135 
150 
107 
121 
144 
181 
227 
66 
198 
247 
94 
32 
227 
212 
127 
141 
204 
148 
119 
40 
168 
127 
71 
83 
32 
172 
206 
181 
214 
75 
129 
168 
14 
216 
141 
238 
19 
114 
192 
138 
121 
159 
172 
96 
183 
131 
207 
112 
77 
153 
154 
100 
9 
157 
237 
130 
94 
80 
89 
247 
63 
9 
205 
197 
39 
244 
137 
40 
90 
123 
162 
194 
142 
97 
102 
68 
102 
234 
42 
229 
90 
150 
139 
33 
227 
196 
209 
55 
202 
212 
159 
242 
244 
74 
74 
74 
100 
41 
163 
175 
134 
152 
228 
1 
152 
185 
123 
37 
58 
155 
121 
143 
16 
215 
62 
22 
60 
247 
136 
30 
81 
110 
135 
34 
218 
71 
107 
53 
16 
76 
147 
78 
48 
231 
146 
32 
250 
207 
250 
82 
202 
17 
116 
133 
131 
64 
136 
65 
229 
111 
101 
124 
3 
141 
250 
7 
226 
147 
246 
53 
249 
143 
131 
100 
7 
131 
211 
243 
243 
63 
61 
205 
173 
81 
123 
201 
49 
194 
166 
179 
250 
88 
126 
208 
52 
66 
121 
235 
158 
242 
113 
101 
153 
150 
11 
119 
67 
170 
11 
168 
244 
62 
198 
111 
89 
108 
77 
248 
58 
242 
118 
115 
177 
31 
81 
121 
200 
236 
177 
56 
152 
39 
71 
168 
79 
201 
96 
139 
44 
182 
41 
8 
127 
93 
250 
10 
166 
85 
236 
243 
122 
55 
117 
248 
226 
0 
78 
251 
179 
187 
216 
93 
236 
235 
91 
253 
144 
153 
68 
90 
164 
78 
232 
111 
246 
116 
189 
64 
12 
113 
83 
239 
219 
185 
201 
249 
181 
168 
28 
160 
170 
195 
140 
174 
186 
148 
154 
37 
43 
244 
183 
58 
81 
96 
217 
154 
152 
29 
153 
235 
40 
61 
212 
217 
96 
156 
52 
141 
196 
43 
131 
35 
82 
71 
172 
229 
48 
49 
87 
153 
72 
139 
154 
71 
215 
33 
49 
65 
92 
108 
200 
142 
174 
81 
27 
99 
46 
58 
142 
203 
143 
111 
198 
93 
99 
94 
171 
237 
20 
149 
75 
162 
195 
230 
157 
80 
255 
211 
147 
9 
201 
250 
66 
229 
178 
192 
23 
1 
178 
169 
1 
33 
119 
231 
53 
6 
175 
91 
229 
91 
180 
20 
34 
32 
226 
57 
3 
162 
177 
234 
105 
45 
99 
255 
151 
57 
71 
23 
126 
12 
176 
200 
147 
0 
67 
90 
159 
192 
5 
220 
55 
107 
90 
63 
21 
29 
69 
121 
95 
73 
39 
102 
197 
233 
223 
34 
165 
69 
138 
30 
80 
230 
198 
232 
136 
11 
133 
233 
119 
232 
132 
154 
11 
72 
192 
133 
68 
68 
98 
254 
76 
23 
177 
140 
183 
68 
102 
155 
142 
24 
255 
83 
117 
193 
130 
189 
176 
30 
80 
250 
28 
46 
240 
251 
171 
181 
102 
156 
125 
134 
205 
204 
3 
227 
126 
62 
115 
22 
69 
142 
99 
204 
196 
85 
38 
219 
35 
218 
67 
125 
146 
71 
166 
79 
157 
29 
232 
19 
122 
55 
233 
236 
100 
131 
181 
154 
206 
194 
211 
1 
173 
199 
250 
172 
215 
188 
152 
215 
20 
204 
91 
239 
114 
10 
153 
100 
86 
212 
113 
240 
161 
18 
226 
8 
248 
234 
84 
207 
102 
154 
200 
155 
160 
98 
149 
216 
94 
13 
94 
44 
218 
44 
4 
145 
172 
121 
158 
80 
62 
32 
102 
57 
1 
13 
245 
98 
158 
145 
218 
200 
210 
135 
29 
239 
83 
50 
124 
253 
43 
36 
240 
21 
234 
136 
44 
145 
107 
214 
177 
192 
194 
119 
203 
3 
113 
102 
172 
242 
161 
240 
58 
247 
241 
128 
237 
79 
180 
78 
133 
192 
33 
41 
127 
154 
109 
197 
38 
233 
137 
244 
60 
206 
173 
41 
34 
97 
239 
165 
100 
50 
255 
136 
65 
53 
188 
166 
53 
112 
187 
209 
173 
168 
217 
211 
233 
100 
3 
25 
207 
170 
103 
91 
234 
141 
136 
185 
69 
222 
220 
17 
176 
114 
21 
248 
122 
224 
40 
226 
241 
19 
81 
196 
45 
138 
77 
3 
3 
187 
20 
71 
24 
140 
141 
76 
105 
106 
87 
93 
80 
227 
228 
86 
225 
107 
1 
133 
74 
80 
187 
50 
20 
52 
131 
64 
245 
173 
7 
66 
14 
29 
134 
203 
109 
14 
76 
29 
36 
90 
95 
117 
219 
224 
202 
93 
4 
10 
198 
186 
218 
249 
100 
151 
115 
144 
54 
104 
216 
94 
166 
161 
36 
84 
37 
239 
11 
8 
225 
186 
188 
255 
154 
160 
26 
117 
150 
122 
238 
195 
105 
64 
71 
212 
126 
59 
238 
164 
118 
95 
172 
59 
114 
171 
212 
196 
66 
97 
23 
250 
248 
137 
70 
141 
133 
250 
176 
189 
68 
142 
219 
83 
77 
140 
15 
217 
212 
153 
147 
78 
75 
143 
122 
42 
158 
195 
60 
7 
161 
155 
226 
235 
142 
194 
159 
11 
64 
65 
212 
107 
210 
53 
197 
161 
16 
247 
214 
128 
107 
82 
191 
211 
186 
194 
254 
106 
242 
233 
190 
2 
221 
250 
170 
186 
142 
102 
103 
23 
45 
250 
62 
144 
81 
137 
53 
144 
245 
67 
82 
116 
136 
48 
241 
206 
55 
110 
238 
141 
178 
71 
11 
161 
48 
176 
190 
161 
221 
88 
79 
78 
4 
21 
212 
188 
52 
8 
14 
206 
80 
187 
33 
93 
81 
148 
109 
149 
49 
148 
158 
195 
142 
209 
145 
115 
126 
209 
211 
86 
184 
25 
179 
10 
213 
45 
241 
203 
8 
175 
9 
153 
70 
139 
223 
229 
120 
123 
226 
215 
161 
208 
182 
157 
119 
133 
181 
38 
51 
26 
144 
78 
234 
144 
140 
5 
38 
140 
235 
42 
208 
247 
109 
35 
65 
203 
148 
190 
33 
237 
144 
88 
35 
88 
18 
211 
206 
236 
187 
47 
150 
231 
205 
148 
221 
167 
91 
250 
224 
110 
52 
195 
82 
68 
136 
15 
216 
126 
65 
118 
20 
111 
102 
52 
251 
156 
213 
238 
217 
238 
70 
186 
91 
187 
195 
137 
98 
16 
115 
206 
104 
212 
84 
244 
93 
44 
103 
168 
227 
241 
241 
20 
236 
205 
35 
170 
157 
64 
58 
199 
17 
136 
59 
154 
31 
65 
7 
149 
231 
230 
48 
250 
75 
228 
212 
29 
42 
135 
97 
183 
53 
147 
34 
37 
214 
227 
119 
181 
94 
71 
152 
84 
50 
4 
144 
229 
19 
29 
238 
59 
203 
148 
225 
33 
32 
164 
16 
123 
249 
58 
6 
12 
34 
167 
155 
24 
81 
117 
160 
213 
158 
27 
46 
63 
137 
71 
24 
75 
53 
16 
86 
73 
218 
33 
10 
207 
209 
38 
46 
44 
173 
225 
69 
70 
130 
79 
83 
18 
98 
37 
93 
29 
169 
212 
131 
72 
115 
189 
182 
69 
44 
255 
2 
89 
119 
58 
77 
110 
164 
17 
91 
21 
229 
150 
114 
205 
106 
158 
230 
82 
74 
84 
55 
186 
97 
130 
77 
189 
242 
77 
34 
239 
123 
178 
6 
26 
200 
3 
234 
129 
91 
175 
120 
177 
33 
191 
106 
19 
122 
252 
18 
205 
193 
143 
239 
100 
73 
35 
100 
57 
170 
238 
121 
60 
197 
26 
190 
212 
59 
163 
80 
41 
54 
66 
182 
136 
25 
38 
190 
2 
68 
240 
46 
137 
85 
76 
31 
77 
25 
104 
139 
87 
234 
117 
48 
103 
160 
116 
107 
16 
58 
116 
45 
253 
93 
162 
243 
167 
137 
2 
82 
175 
134 
132 
119 
83 
34 
71 
179 
139 
36 
184 
239 
63 
20 
31 
83 
251 
71 
29 
214 
114 
83 
251 
106 
209 
112 
102 
86 
180 
134 
57 
248 
101 
44 
42 
69 
114 
139 
239 
54 
195 
166 
135 
94 
105 
10 
227 
202 
176 
146 
197 
147 
112 
48 
19 
159 
124 
19 
168 
177 
92 
23 
175 
137 
115 
209 
193 
23 
10 
189 
92 
163 
164 
118 
213 
187 
39 
10 
69 
213 
135 
65 
203 
58 
79 
22 
250 
144 
2 
119 
122 
31 
4 
155 
135 
199 
103 
179 
165 
180 
116 
203 
180 
104 
195 
62 
164 
52 
46 
92 
194 
220 
238 
245 
51 
115 
166 
106 
65 
14 
240 
99 
15 
99 
90 
167 
65 
18 
232 
223 
200 
193 
209 
195 
108 
19 
181 
245 
141 
136 
157 
70 
203 
25 
179 
220 
26 
38 
111 
246 
180 
11 
49 
247 
76 
88 
174 
90 
208 
210 
198 
89 
208 
115 
162 
3 
146 
96 
177 
158 
68 
249 
206 
173 
121 
187 
146 
214 
61 
135 
102 
197 
162 
126 
41 
215 
255 
220 
26 
69 
65 
141 
234 
197 
71 
211 
107 
7 
167 
201 
120 
191 
66 
248 
227 
252 
114 
226 
163 
3 
165 
173 
117 
87 
49 
50 
213 
194 
196 
126 
202 
165 
193 
204 
75 
47 
217 
160 
247 
23 
27 
54 
189 
163 
223 
47 
95 
248 
103 
181 
149 
149 
96 
91 
93 
7 
41 
209 
179 
55 
193 
163 
238 
118 
225 
191 
125 
117 
18 
131 
127 
225 
248 
124 
170 
186 
154 
2 
145 
219 
63 
167 
240 
165 
62 
67 
179 
113 
217 
90 
10 
179 
168 
44 
159 
55 
233 
229 
35 
113 
103 
56 
102 
8 
121 
19 
41 
135 
132 
43 
217 
210 
197 
254 
235 
143 
33 
211 
182 
139 
50 
99 
175 
118 
55 
179 
137 
143 
81 
176 
150 
198 
162 
64 
197 
250 
191 
151 
20 
134 
186 
70 
211 
203 
175 
226 
175 
172 
249 
217 
92 
22 
38 
138 
234 
184 
107 
9 
145 
182 
252 
21 
18 
30 
45 
63 
175 
116 
164 
57 
174 
218 
57 
109 
52 
246 
159 
158 
147 
9 
12 
232 
23 
211 
84 
36 
239 
207 
138 
22 
159 
244 
71 
216 
21 
206 
200 
7 
42 
225 
157 
14 
182 
90 
83 
118 
142 
217 
119 
35 
5 
201 
13 
127 
58 
50 
181 
170 
129 
54 
6 
246 
242 
159 
50 
33 
245 
7 
141 
46 
163 
59 
201 
83 
202 
176 
78 
249 
19 
249 
165 
221 
236 
230 
48 
40 
106 
207 
42 
2 
34 
135 
24 
228 
188 
239 
172 
217 
124 
220 
199 
101 
13 
89 
231 
8 
124 
14 
202 
183 
3 
218 
187 
182 
9 
168 
254 
105 
105 
227 
238 
205 
182 
148 
92 
248 
88 
54 
156 
145 
67 
39 
185 
25 
144 
200 
120 
230 
119 
72 
107 
193 
83 
70 
126 
218 
170 
255 
36 
251 
183 
90 
49 
248 
143 
187 
131 
62 
12 
232 
242 
216 
153 
132 
174 
166 
62 
64 
57 
26 
245 
179 
254 
199 
77 
49 
98 
67 
145 
230 
160 
101 
110 
97 
109 
41 
57 
112 
153 
85 
224 
48 
92 
210 
101 
188 
192 
232 
104 
147 
192 
33 
159 
42 
23 
121 
191 
6 
236 
88 
108 
31 
180 
204 
146 
49 
6 
199 
119 
39 
71 
140 
171 
231 
18 
242 
120 
251 
61 
141 
18 
73 
20 
250 
146 
69 
159 
192 
114 
123 
175 
180 
107 
114 
146 
196 
198 
0 
218 
177 
126 
169 
137 
163 
55 
28 
253 
141 
152 
140 
105 
185 
25 
68 
100 
139 
30 
95 
138 
96 
136 
78 
101 
14 
227 
232 
66 
81 
153 
79 
130 
11 
73 
61 
0 
69 
252 
199 
250 
106 
125 
37 
163 
108 
49 
0 
27 
236 
155 
81 
112 
103 
128 
244 
14 
241 
15 
177 
225 
31 
9 
193 
72 
17 
9 
106 
250 
163 
24 
220 
95 
31 
152 
153 
140 
12 
32 
46 
235 
184 
104 
173 
60 
48 
5 
181 
169 
188 
151 
173 
128 
120 
116 
39 
29 
24 
111 
190 
103 
26 
162 
196 
34 
86 
38 
127 
87 
103 
4 
122 
67 
62 
79 
6 
76 
218 
99 
131 
251 
65 
235 
99 
255 
99 
78 
101 
22 
236 
160 
35 
89 
61 
100 
131 
236 
214 
212 
46 
41 
182 
49 
67 
72 
68 
0 
88 
220 
103 
158 
75 
43 
66 
225 
93 
15 
151 
92 
129 
