184 
0 
0 
0 
0 
0 
0 
0 
0 
0 
0 
0 
159 
0 
0 
0 
0 
0 
0 
0 
0 
0 
0 
0 
225 
0 
0 
0 
0 
0 
0 
0 
0 
0 
0 
0 
150 
0 
0 
0 
0 
0 
0 
0 
0 
0 
0 
0 
85 
0 
0 
0 
0 
0 
0 
0 
0 
0 
0 
0 
94 
0 
0 
0 
0 
0 
0 
0 
0 
0 
0 
0 
235 
0 
0 
0 
0 
0 
0 
0 
0 
0 
0 
0 
27 
0 
0 
0 
0 
0 
0 
0 
0 
0 
0 
0 
241 
0 
0 
0 
0 
0 
0 
0 
0 
0 
0 
0 
110 
0 
0 
0 
0 
0 
0 
0 
0 
0 
0 
0 
201 
0 
0 
0 
0 
0 
0 
0 
0 
0 
0 
0 
52 
0 
0 
0 
0 
0 
0 
0 
0 
0 
0 
0 
141 
0 
0 
0 
0 
0 
0 
0 
0 
0 
0 
0 
78 
0 
0 
0 
0 
0 
0 
0 
0 
0 
0 
0 
187 
0 
0 
0 
0 
0 
0 
0 
0 
0 
0 
0 
213 
0 
0 
0 
0 
0 
0 
0 
0 
0 
0 
0 
92 
0 
0 
0 
0 
0 
0 
0 
0 
0 
0 
0 
71 
228 
0 
0 
0 
0 
0 
0 
0 
0 
0 
0 
236 
116 
0 
0 
0 
0 
0 
0 
0 
0 
0 
0 
229 
81 
0 
0 
0 
0 
0 
0 
0 
0 
0 
0 
149 
166 
0 
0 
0 
0 
0 
0 
0 
0 
0 
0 
198 
42 
0 
0 
0 
0 
0 
0 
0 
0 
0 
0 
160 
215 
0 
0 
0 
0 
0 
0 
0 
0 
0 
0 
67 
194 
0 
0 
0 
0 
0 
0 
0 
0 
0 
0 
102 
117 
0 
0 
0 
0 
0 
0 
0 
0 
0 
0 
205 
31 
0 
0 
0 
0 
0 
0 
0 
0 
0 
0 
66 
115 
0 
0 
0 
0 
0 
0 
0 
0 
0 
0 
232 
32 
0 
0 
0 
0 
0 
0 
0 
0 
0 
0 
59 
49 
0 
0 
0 
0 
0 
0 
0 
0 
0 
0 
237 
176 
0 
0 
0 
0 
0 
0 
0 
0 
0 
0 
223 
153 
0 
0 
0 
0 
0 
0 
0 
0 
0 
0 
51 
217 
0 
0 
0 
0 
0 
0 
0 
0 
0 
0 
201 
96 
0 
0 
0 
0 
0 
0 
0 
0 
0 
0 
31 
44 
0 
0 
0 
0 
0 
0 
0 
0 
0 
0 
71 
205 
244 
0 
0 
0 
0 
0 
0 
0 
0 
0 
149 
19 
218 
0 
0 
0 
0 
0 
0 
0 
0 
0 
207 
184 
141 
0 
0 
0 
0 
0 
0 
0 
0 
0 
41 
143 
175 
0 
0 
0 
0 
0 
0 
0 
0 
0 
232 
189 
217 
0 
0 
0 
0 
0 
0 
0 
0 
0 
92 
111 
102 
0 
0 
0 
0 
0 
0 
0 
0 
0 
166 
0 
221 
0 
0 
0 
0 
0 
0 
0 
0 
0 
15 
27 
251 
0 
0 
0 
0 
0 
0 
0 
0 
0 
37 
155 
184 
0 
0 
0 
0 
0 
0 
0 
0 
0 
210 
80 
115 
0 
0 
0 
0 
0 
0 
0 
0 
0 
0 
249 
70 
0 
0 
0 
0 
0 
0 
0 
0 
0 
177 
27 
161 
0 
0 
0 
0 
0 
0 
0 
0 
0 
98 
129 
150 
0 
0 
0 
0 
0 
0 
0 
0 
0 
48 
234 
243 
0 
0 
0 
0 
0 
0 
0 
0 
0 
126 
247 
1 
0 
0 
0 
0 
0 
0 
0 
0 
0 
8 
84 
29 
0 
0 
0 
0 
0 
0 
0 
0 
0 
51 
200 
88 
0 
0 
0 
0 
0 
0 
0 
0 
0 
71 
106 
152 
157 
0 
0 
0 
0 
0 
0 
0 
0 
232 
2 
138 
180 
0 
0 
0 
0 
0 
0 
0 
0 
92 
13 
4 
214 
0 
0 
0 
0 
0 
0 
0 
0 
223 
247 
221 
23 
0 
0 
0 
0 
0 
0 
0 
0 
150 
104 
173 
243 
0 
0 
0 
0 
0 
0 
0 
0 
20 
58 
149 
100 
0 
0 
0 
0 
0 
0 
0 
0 
31 
237 
0 
42 
0 
0 
0 
0 
0 
0 
0 
0 
208 
4 
233 
230 
0 
0 
0 
0 
0 
0 
0 
0 
203 
104 
21 
89 
0 
0 
0 
0 
0 
0 
0 
0 
198 
111 
31 
109 
0 
0 
0 
0 
0 
0 
0 
0 
0 
214 
52 
241 
0 
0 
0 
0 
0 
0 
0 
0 
33 
211 
125 
233 
0 
0 
0 
0 
0 
0 
0 
0 
64 
209 
46 
80 
0 
0 
0 
0 
0 
0 
0 
0 
161 
242 
52 
240 
0 
0 
0 
0 
0 
0 
0 
0 
176 
58 
176 
37 
0 
0 
0 
0 
0 
0 
0 
0 
105 
229 
192 
212 
0 
0 
0 
0 
0 
0 
0 
0 
181 
247 
92 
203 
0 
0 
0 
0 
0 
0 
0 
0 
71 
95 
147 
71 
12 
0 
0 
0 
0 
0 
0 
0 
25 
52 
34 
217 
118 
0 
0 
0 
0 
0 
0 
0 
2 
52 
75 
111 
41 
0 
0 
0 
0 
0 
0 
0 
195 
193 
166 
48 
14 
0 
0 
0 
0 
0 
0 
0 
111 
135 
66 
118 
188 
0 
0 
0 
0 
0 
0 
0 
143 
249 
78 
28 
49 
0 
0 
0 
0 
0 
0 
0 
213 
24 
6 
128 
24 
0 
0 
0 
0 
0 
0 
0 
12 
97 
119 
227 
113 
0 
0 
0 
0 
0 
0 
0 
86 
212 
254 
41 
40 
0 
0 
0 
0 
0 
0 
0 
8 
38 
146 
9 
147 
0 
0 
0 
0 
0 
0 
0 
23 
11 
214 
39 
157 
0 
0 
0 
0 
0 
0 
0 
54 
169 
12 
255 
207 
0 
0 
0 
0 
0 
0 
0 
118 
202 
27 
208 
55 
0 
0 
0 
0 
0 
0 
0 
127 
223 
139 
122 
52 
0 
0 
0 
0 
0 
0 
0 
216 
14 
168 
141 
46 
0 
0 
0 
0 
0 
0 
0 
181 
74 
105 
34 
212 
0 
0 
0 
0 
0 
0 
0 
123 
106 
169 
141 
119 
0 
0 
0 
0 
0 
0 
0 
71 
206 
168 
93 
59 
112 
0 
0 
0 
0 
0 
0 
209 
228 
110 
121 
104 
237 
0 
0 
0 
0 
0 
0 
16 
226 
103 
69 
235 
198 
0 
0 
0 
0 
0 
0 
105 
108 
62 
207 
70 
177 
0 
0 
0 
0 
0 
0 
244 
153 
0 
68 
222 
245 
0 
0 
0 
0 
0 
0 
10 
21 
144 
157 
99 
74 
0 
0 
0 
0 
0 
0 
212 
164 
114 
237 
147 
106 
0 
0 
0 
0 
0 
0 
180 
132 
238 
49 
185 
157 
0 
0 
0 
0 
0 
0 
157 
216 
198 
236 
91 
10 
0 
0 
0 
0 
0 
0 
69 
106 
146 
166 
101 
83 
0 
0 
0 
0 
0 
0 
165 
11 
108 
157 
40 
53 
0 
0 
0 
0 
0 
0 
22 
115 
150 
61 
30 
143 
0 
0 
0 
0 
0 
0 
147 
101 
34 
163 
14 
183 
0 
0 
0 
0 
0 
0 
217 
118 
182 
212 
230 
118 
0 
0 
0 
0 
0 
0 
150 
218 
158 
127 
202 
206 
0 
0 
0 
0 
0 
0 
130 
27 
124 
156 
233 
224 
0 
0 
0 
0 
0 
0 
146 
200 
2 
1 
231 
195 
0 
0 
0 
0 
0 
0 
71 
232 
11 
17 
102 
148 
82 
0 
0 
0 
0 
0 
38 
46 
185 
209 
126 
170 
209 
0 
0 
0 
0 
0 
53 
73 
103 
198 
226 
91 
69 
0 
0 
0 
0 
0 
141 
200 
146 
249 
244 
45 
55 
0 
0 
0 
0 
0 
14 
7 
174 
91 
17 
145 
48 
0 
0 
0 
0 
0 
204 
237 
20 
237 
180 
201 
142 
0 
0 
0 
0 
0 
243 
58 
128 
23 
51 
63 
46 
0 
0 
0 
0 
0 
117 
52 
51 
158 
254 
255 
22 
0 
0 
0 
0 
0 
224 
92 
226 
79 
142 
220 
110 
0 
0 
0 
0 
0 
159 
55 
196 
38 
77 
128 
139 
0 
0 
0 
0 
0 
144 
229 
32 
106 
153 
167 
50 
0 
0 
0 
0 
0 
131 
178 
175 
1 
5 
61 
145 
0 
0 
0 
0 
0 
235 
219 
44 
154 
195 
48 
87 
0 
0 
0 
0 
0 
141 
145 
76 
212 
132 
43 
19 
0 
0 
0 
0 
0 
48 
195 
134 
173 
113 
179 
4 
0 
0 
0 
0 
0 
200 
173 
21 
239 
1 
172 
62 
0 
0 
0 
0 
0 
147 
207 
176 
102 
95 
154 
87 
0 
0 
0 
0 
0 
71 
175 
71 
46 
245 
71 
104 
3 
0 
0 
0 
0 
126 
171 
173 
222 
86 
53 
212 
209 
0 
0 
0 
0 
129 
47 
116 
249 
116 
85 
198 
137 
0 
0 
0 
0 
84 
118 
150 
206 
140 
101 
208 
142 
0 
0 
0 
0 
117 
72 
166 
75 
137 
64 
108 
149 
0 
0 
0 
0 
69 
43 
205 
177 
137 
61 
252 
140 
0 
0 
0 
0 
203 
242 
175 
167 
61 
108 
69 
69 
0 
0 
0 
0 
48 
254 
68 
243 
78 
163 
112 
31 
0 
0 
0 
0 
75 
252 
107 
222 
107 
93 
170 
80 
0 
0 
0 
0 
126 
236 
224 
142 
161 
48 
57 
188 
0 
0 
0 
0 
23 
15 
67 
138 
172 
52 
167 
173 
0 
0 
0 
0 
136 
239 
10 
93 
119 
199 
247 
253 
0 
0 
0 
0 
89 
168 
224 
108 
96 
89 
28 
199 
0 
0 
0 
0 
245 
23 
64 
65 
74 
95 
150 
163 
0 
0 
0 
0 
130 
66 
249 
26 
197 
237 
156 
190 
0 
0 
0 
0 
227 
87 
57 
49 
190 
249 
135 
212 
0 
0 
0 
0 
12 
164 
52 
203 
34 
193 
95 
252 
0 
0 
0 
0 
184 
90 
236 
140 
253 
207 
146 
61 
179 
0 
0 
0 
156 
210 
70 
89 
152 
203 
119 
134 
35 
0 
0 
0 
204 
35 
163 
51 
187 
239 
228 
188 
218 
0 
0 
0 
252 
114 
88 
203 
114 
203 
242 
188 
54 
0 
0 
0 
44 
75 
113 
107 
89 
216 
62 
131 
210 
0 
0 
0 
51 
164 
46 
139 
109 
161 
215 
132 
75 
0 
0 
0 
198 
173 
195 
170 
205 
171 
147 
214 
86 
0 
0 
0 
37 
97 
84 
252 
76 
175 
83 
1 
101 
0 
0 
0 
78 
245 
254 
163 
151 
120 
146 
176 
205 
0 
0 
0 
72 
39 
35 
231 
105 
133 
24 
43 
141 
0 
0 
0 
238 
95 
207 
25 
184 
243 
26 
4 
136 
0 
0 
0 
236 
133 
1 
3 
118 
129 
47 
3 
87 
0 
0 
0 
14 
27 
51 
226 
169 
229 
49 
136 
114 
0 
0 
0 
203 
125 
211 
240 
163 
205 
53 
146 
64 
0 
0 
0 
212 
154 
231 
104 
167 
115 
96 
144 
51 
0 
0 
0 
193 
100 
230 
129 
2 
90 
199 
2 
50 
0 
0 
0 
9 
239 
33 
139 
112 
145 
41 
8 
105 
0 
0 
0 
71 
64 
121 
90 
46 
7 
159 
170 
99 
155 
0 
0 
228 
77 
169 
191 
8 
121 
40 
104 
207 
163 
0 
0 
51 
174 
23 
144 
84 
116 
110 
176 
128 
24 
0 
0 
225 
49 
42 
179 
33 
201 
197 
98 
255 
123 
0 
0 
13 
176 
27 
13 
182 
6 
101 
141 
120 
63 
0 
0 
83 
116 
229 
9 
254 
45 
173 
4 
56 
250 
0 
0 
170 
36 
145 
228 
173 
30 
248 
115 
123 
81 
0 
0 
191 
128 
5 
185 
83 
31 
103 
232 
121 
52 
0 
0 
254 
170 
143 
209 
216 
34 
58 
168 
25 
188 
0 
0 
97 
170 
1 
245 
126 
52 
195 
137 
227 
248 
0 
0 
203 
95 
81 
117 
104 
65 
120 
202 
194 
150 
0 
0 
136 
161 
115 
50 
32 
65 
9 
113 
60 
239 
0 
0 
13 
42 
49 
182 
79 
9 
84 
56 
54 
18 
0 
0 
101 
218 
113 
49 
198 
89 
238 
201 
49 
172 
0 
0 
220 
67 
33 
61 
152 
182 
117 
48 
132 
84 
0 
0 
238 
97 
94 
217 
202 
176 
120 
161 
90 
23 
0 
0 
143 
101 
231 
64 
40 
50 
218 
52 
224 
231 
0 
0 
71 
138 
193 
41 
19 
62 
237 
59 
183 
240 
248 
0 
107 
157 
17 
213 
3 
83 
159 
203 
46 
11 
99 
0 
208 
227 
86 
180 
91 
211 
21 
146 
39 
241 
16 
0 
228 
234 
127 
48 
81 
75 
248 
77 
233 
138 
29 
0 
232 
76 
188 
235 
203 
1 
175 
66 
171 
70 
142 
0 
76 
199 
185 
96 
149 
195 
249 
110 
230 
183 
10 
0 
170 
13 
241 
174 
38 
80 
180 
171 
135 
50 
181 
0 
206 
84 
18 
118 
66 
100 
235 
117 
138 
95 
65 
0 
114 
185 
198 
73 
215 
145 
28 
2 
139 
249 
115 
0 
20 
2 
9 
7 
254 
228 
96 
128 
83 
20 
56 
0 
39 
102 
160 
228 
181 
252 
165 
188 
10 
150 
242 
0 
86 
45 
193 
221 
250 
19 
162 
41 
222 
22 
209 
0 
167 
248 
89 
101 
2 
203 
17 
206 
56 
112 
236 
0 
165 
107 
89 
234 
128 
140 
78 
34 
106 
10 
14 
0 
198 
250 
176 
54 
210 
174 
201 
33 
197 
149 
43 
0 
229 
54 
237 
53 
253 
58 
1 
27 
80 
39 
137 
0 
163 
24 
105 
55 
156 
51 
104 
105 
81 
177 
37 
0 
71 
56 
73 
165 
243 
253 
52 
164 
189 
93 
193 
135 
185 
174 
36 
250 
88 
203 
174 
41 
225 
240 
89 
149 
46 
152 
163 
251 
179 
109 
18 
9 
15 
68 
2 
217 
240 
51 
236 
240 
96 
192 
120 
101 
154 
233 
14 
8 
27 
51 
152 
74 
252 
153 
6 
160 
197 
132 
211 
234 
160 
170 
167 
165 
48 
139 
124 
210 
49 
52 
117 
110 
11 
124 
123 
208 
50 
124 
85 
221 
231 
92 
130 
132 
127 
190 
234 
146 
100 
242 
254 
57 
218 
213 
64 
32 
114 
178 
68 
204 
72 
82 
58 
80 
187 
129 
178 
208 
19 
153 
146 
144 
104 
108 
145 
190 
218 
33 
86 
192 
183 
176 
222 
49 
184 
208 
7 
30 
201 
126 
18 
114 
92 
199 
250 
87 
69 
120 
79 
96 
216 
155 
50 
117 
114 
236 
60 
65 
166 
16 
192 
106 
144 
174 
10 
138 
15 
80 
240 
30 
94 
22 
172 
221 
30 
104 
233 
93 
93 
198 
199 
111 
112 
195 
157 
6 
105 
105 
112 
254 
144 
118 
33 
77 
189 
115 
98 
144 
179 
132 
65 
76 
175 
174 
250 
150 
5 
74 
179 
208 
20 
186 
164 
143 
71 
245 
247 
241 
190 
82 
224 
237 
25 
40 
204 
213 
63 
40 
67 
85 
109 
86 
193 
126 
29 
160 
136 
196 
162 
30 
120 
138 
230 
204 
191 
98 
249 
96 
20 
7 
108 
102 
65 
123 
47 
97 
62 
237 
153 
207 
23 
76 
167 
109 
38 
61 
109 
243 
1 
62 
104 
12 
13 
94 
204 
36 
103 
117 
126 
76 
158 
118 
92 
170 
46 
227 
58 
77 
172 
29 
250 
117 
236 
2 
55 
245 
127 
0 
161 
189 
101 
199 
39 
171 
203 
149 
207 
75 
207 
245 
173 
239 
254 
116 
57 
166 
122 
121 
82 
245 
124 
52 
234 
250 
84 
251 
19 
45 
149 
84 
192 
240 
7 
98 
235 
72 
94 
220 
200 
131 
65 
117 
87 
16 
72 
206 
198 
29 
23 
11 
183 
35 
154 
90 
252 
61 
138 
155 
173 
151 
232 
4 
22 
88 
22 
183 
33 
146 
29 
34 
120 
23 
245 
39 
4 
175 
200 
245 
37 
182 
246 
255 
7 
135 
203 
79 
140 
164 
163 
153 
29 
234 
193 
117 
14 
122 
77 
226 
22 
114 
123 
84 
86 
75 
30 
214 
140 
69 
230 
25 
161 
226 
187 
239 
236 
25 
183 
244 
71 
8 
66 
6 
217 
54 
175 
224 
186 
243 
6 
163 
20 
62 
176 
187 
44 
105 
19 
150 
48 
131 
156 
3 
205 
64 
217 
218 
189 
92 
129 
205 
130 
109 
212 
108 
95 
240 
202 
22 
10 
155 
152 
7 
186 
35 
45 
148 
134 
23 
39 
77 
130 
148 
128 
12 
169 
37 
96 
213 
223 
242 
131 
48 
112 
21 
181 
205 
43 
191 
26 
136 
14 
94 
120 
79 
185 
59 
235 
243 
75 
248 
242 
151 
60 
113 
44 
210 
123 
235 
215 
129 
4 
195 
72 
87 
220 
143 
188 
34 
53 
96 
210 
2 
162 
125 
148 
56 
9 
60 
36 
186 
152 
113 
123 
38 
131 
138 
154 
140 
8 
111 
34 
136 
184 
174 
134 
34 
22 
169 
206 
235 
69 
188 
187 
113 
252 
248 
239 
117 
11 
189 
175 
229 
169 
0 
18 
208 
101 
165 
142 
56 
214 
108 
66 
49 
68 
220 
119 
216 
242 
42 
205 
153 
77 
163 
165 
13 
191 
62 
41 
169 
73 
16 
115 
126 
208 
182 
1 
70 
115 
46 
202 
132 
177 
237 
174 
92 
242 
36 
107 
226 
116 
232 
230 
223 
216 
191 
198 
187 
79 
251 
53 
69 
71 
78 
76 
241 
43 
198 
217 
92 
237 
145 
94 
218 
36 
151 
65 
190 
149 
194 
108 
198 
157 
88 
177 
92 
75 
207 
182 
99 
113 
73 
92 
30 
6 
29 
102 
51 
208 
199 
179 
69 
136 
150 
229 
146 
238 
141 
11 
196 
92 
168 
1 
30 
77 
103 
97 
140 
68 
180 
44 
34 
74 
12 
219 
179 
87 
159 
10 
154 
228 
161 
102 
17 
28 
148 
239 
172 
171 
191 
164 
22 
50 
15 
11 
104 
21 
104 
183 
245 
234 
140 
81 
142 
112 
117 
80 
209 
33 
158 
108 
22 
37 
10 
106 
122 
125 
7 
208 
205 
231 
161 
152 
61 
48 
137 
138 
244 
55 
104 
81 
76 
77 
115 
134 
236 
143 
70 
142 
148 
219 
37 
112 
21 
154 
50 
193 
218 
222 
16 
148 
0 
111 
202 
203 
57 
248 
133 
252 
73 
23 
66 
8 
180 
179 
244 
133 
82 
95 
143 
112 
128 
42 
93 
195 
12 
133 
171 
15 
52 
5 
157 
109 
110 
159 
212 
197 
108 
90 
39 
164 
12 
122 
144 
20 
121 
33 
6 
18 
51 
182 
224 
17 
251 
250 
139 
32 
40 
173 
204 
37 
137 
232 
243 
141 
8 
71 
217 
106 
100 
76 
230 
171 
58 
48 
171 
125 
169 
175 
59 
46 
190 
198 
206 
135 
10 
29 
150 
175 
51 
170 
168 
244 
67 
249 
230 
14 
38 
32 
126 
110 
169 
99 
45 
147 
95 
230 
142 
117 
156 
39 
16 
67 
18 
126 
201 
22 
81 
217 
192 
168 
228 
6 
174 
244 
165 
164 
7 
36 
38 
142 
252 
65 
143 
208 
206 
25 
221 
35 
129 
154 
121 
80 
244 
76 
141 
122 
168 
87 
129 
76 
48 
120 
84 
130 
127 
224 
157 
107 
105 
178 
202 
43 
164 
51 
126 
148 
204 
18 
222 
163 
19 
35 
215 
73 
79 
24 
164 
44 
229 
249 
166 
4 
146 
230 
81 
38 
195 
56 
251 
166 
214 
36 
218 
213 
158 
102 
36 
79 
129 
231 
147 
86 
178 
177 
122 
186 
167 
210 
202 
19 
187 
46 
187 
18 
19 
86 
109 
45 
26 
53 
102 
36 
36 
151 
197 
237 
51 
230 
190 
98 
140 
82 
35 
38 
121 
24 
87 
234 
9 
54 
0 
113 
71 
2 
186 
90 
76 
19 
28 
233 
227 
245 
209 
214 
129 
92 
185 
106 
57 
186 
8 
100 
86 
148 
201 
137 
70 
160 
63 
184 
225 
178 
204 
241 
123 
40 
220 
180 
81 
151 
237 
120 
39 
254 
233 
102 
78 
4 
192 
125 
118 
15 
54 
62 
164 
141 
186 
82 
121 
85 
215 
162 
3 
36 
134 
200 
89 
218 
170 
88 
244 
156 
202 
71 
167 
58 
10 
103 
164 
176 
99 
111 
60 
193 
92 
233 
68 
204 
56 
82 
31 
24 
36 
177 
153 
228 
205 
100 
131 
67 
49 
166 
61 
183 
254 
158 
206 
247 
52 
59 
49 
165 
221 
204 
24 
244 
175 
213 
228 
21 
215 
42 
201 
253 
130 
14 
1 
37 
248 
7 
83 
103 
105 
54 
34 
175 
161 
157 
29 
181 
224 
169 
110 
53 
164 
204 
171 
165 
43 
40 
8 
57 
224 
221 
85 
140 
88 
16 
206 
186 
186 
10 
89 
139 
124 
227 
224 
236 
151 
198 
227 
150 
196 
131 
234 
101 
110 
163 
59 
178 
254 
228 
60 
136 
12 
21 
221 
135 
246 
54 
93 
251 
169 
212 
55 
241 
2 
188 
44 
78 
89 
20 
201 
115 
249 
57 
24 
53 
10 
108 
107 
165 
66 
159 
170 
102 
42 
32 
32 
105 
213 
195 
192 
115 
178 
97 
113 
175 
120 
116 
131 
97 
152 
71 
114 
16 
14 
183 
148 
44 
124 
46 
243 
79 
25 
232 
40 
252 
163 
29 
192 
26 
163 
155 
117 
199 
150 
35 
227 
98 
39 
152 
152 
128 
34 
96 
23 
131 
114 
201 
42 
11 
91 
212 
239 
176 
209 
5 
32 
104 
105 
150 
10 
1 
57 
165 
112 
21 
212 
173 
168 
6 
234 
143 
31 
177 
240 
51 
135 
238 
25 
111 
185 
135 
11 
50 
217 
39 
255 
27 
120 
139 
102 
124 
55 
214 
216 
154 
131 
144 
83 
44 
146 
241 
122 
201 
89 
40 
163 
130 
119 
116 
150 
67 
208 
32 
15 
142 
211 
203 
123 
30 
154 
8 
240 
108 
182 
60 
228 
61 
10 
209 
150 
146 
114 
121 
51 
9 
136 
196 
249 
201 
159 
250 
36 
103 
132 
122 
145 
13 
135 
169 
7 
16 
232 
74 
10 
87 
204 
249 
135 
157 
16 
125 
252 
246 
205 
192 
153 
226 
100 
167 
136 
164 
247 
39 
93 
100 
176 
215 
64 
245 
70 
189 
116 
252 
59 
235 
150 
232 
140 
199 
233 
155 
191 
223 
68 
39 
174 
168 
36 
49 
52 
78 
165 
7 
220 
199 
142 
173 
4 
113 
246 
9 
177 
209 
235 
71 
192 
0 
86 
232 
115 
136 
220 
115 
183 
136 
5 
166 
173 
210 
46 
102 
204 
97 
39 
128 
226 
124 
48 
30 
88 
139 
119 
121 
93 
188 
228 
165 
158 
96 
63 
177 
153 
107 
227 
17 
93 
111 
166 
187 
83 
169 
221 
106 
136 
103 
127 
180 
214 
36 
115 
164 
182 
89 
233 
13 
97 
36 
61 
148 
89 
113 
127 
82 
74 
90 
186 
232 
70 
210 
86 
10 
22 
56 
169 
54 
135 
242 
204 
4 
7 
194 
234 
10 
255 
179 
218 
60 
190 
77 
96 
155 
200 
98 
206 
227 
188 
45 
83 
188 
32 
54 
140 
58 
145 
114 
131 
86 
5 
36 
254 
116 
99 
229 
193 
1 
47 
80 
142 
200 
87 
129 
29 
133 
29 
221 
89 
110 
230 
227 
83 
61 
45 
210 
115 
5 
93 
91 
18 
209 
208 
101 
39 
186 
97 
38 
3 
68 
76 
94 
51 
244 
212 
238 
172 
167 
136 
194 
66 
252 
178 
109 
159 
170 
28 
152 
68 
178 
142 
166 
13 
60 
193 
186 
250 
133 
136 
199 
240 
192 
39 
9 
32 
168 
166 
180 
77 
106 
118 
75 
35 
146 
45 
46 
103 
150 
44 
214 
10 
71 
228 
197 
197 
176 
15 
23 
17 
248 
249 
248 
100 
40 
130 
190 
56 
22 
17 
144 
185 
109 
81 
247 
8 
105 
254 
244 
249 
140 
53 
208 
162 
212 
117 
201 
110 
111 
55 
212 
235 
133 
57 
213 
46 
227 
207 
71 
9 
177 
182 
14 
211 
24 
225 
170 
39 
91 
14 
203 
248 
152 
149 
202 
235 
43 
15 
46 
177 
143 
172 
148 
99 
206 
29 
56 
160 
121 
35 
104 
53 
249 
65 
175 
36 
223 
229 
181 
133 
75 
164 
7 
191 
133 
137 
235 
134 
185 
178 
56 
241 
178 
240 
76 
234 
254 
148 
106 
81 
148 
11 
119 
232 
188 
243 
153 
17 
240 
202 
135 
215 
69 
209 
135 
2 
124 
189 
194 
191 
59 
48 
99 
164 
34 
224 
238 
83 
189 
70 
73 
67 
9 
143 
232 
132 
207 
115 
239 
91 
71 
68 
19 
9 
201 
48 
113 
208 
174 
108 
241 
218 
170 
15 
9 
192 
116 
25 
131 
86 
178 
138 
139 
204 
115 
72 
140 
190 
198 
77 
119 
160 
140 
126 
110 
236 
99 
53 
136 
238 
115 
20 
60 
59 
128 
182 
113 
140 
81 
59 
56 
20 
235 
136 
31 
24 
71 
88 
212 
13 
91 
230 
136 
216 
176 
135 
116 
37 
205 
63 
71 
8 
56 
241 
132 
33 
198 
178 
233 
13 
108 
156 
196 
216 
241 
218 
6 
115 
176 
157 
234 
118 
56 
35 
255 
196 
138 
163 
109 
60 
191 
67 
211 
199 
123 
87 
118 
202 
179 
21 
169 
226 
245 
192 
219 
192 
153 
238 
67 
133 
114 
4 
2 
248 
49 
162 
102 
247 
129 
188 
102 
75 
25 
44 
222 
116 
167 
217 
243 
64 
10 
19 
82 
95 
69 
127 
10 
108 
140 
129 
45 
72 
4 
223 
42 
137 
101 
48 
34 
248 
222 
24 
89 
163 
128 
159 
133 
237 
115 
83 
189 
167 
128 
8 
48 
88 
231 
67 
214 
225 
165 
161 
13 
168 
89 
18 
192 
18 
13 
251 
184 
241 
163 
75 
233 
75 
38 
41 
9 
99 
118 
40 
19 
242 
93 
129 
162 
182 
135 
193 
59 
100 
231 
38 
137 
45 
24 
24 
209 
12 
203 
193 
26 
24 
151 
249 
146 
43 
21 
232 
206 
199 
235 
54 
138 
121 
155 
198 
169 
215 
219 
176 
71 
221 
236 
180 
157 
163 
98 
64 
144 
248 
101 
50 
191 
160 
40 
132 
227 
180 
71 
151 
170 
14 
128 
148 
140 
30 
147 
83 
50 
234 
192 
195 
61 
57 
197 
237 
190 
109 
20 
10 
193 
66 
114 
17 
177 
186 
129 
94 
235 
39 
224 
81 
8 
106 
22 
235 
222 
17 
146 
11 
101 
169 
41 
26 
59 
18 
235 
246 
214 
22 
41 
19 
11 
26 
252 
170 
145 
187 
42 
178 
231 
45 
125 
84 
49 
222 
120 
41 
227 
26 
165 
209 
16 
186 
29 
82 
215 
154 
198 
105 
18 
243 
190 
131 
176 
26 
177 
253 
78 
8 
245 
207 
116 
142 
183 
28 
65 
138 
243 
231 
46 
0 
128 
63 
217 
107 
2 
177 
223 
228 
100 
4 
173 
93 
228 
75 
162 
248 
218 
152 
172 
34 
200 
69 
99 
171 
125 
158 
96 
84 
77 
24 
126 
226 
236 
22 
66 
200 
62 
168 
252 
102 
76 
94 
246 
123 
112 
33 
112 
2 
246 
37 
168 
59 
111 
171 
65 
175 
165 
232 
246 
38 
144 
254 
154 
193 
38 
110 
16 
217 
130 
52 
177 
237 
201 
136 
184 
14 
255 
198 
224 
210 
102 
248 
220 
191 
10 
96 
88 
27 
153 
9 
52 
21 
214 
97 
106 
253 
235 
218 
223 
136 
71 
165 
59 
127 
6 
30 
157 
99 
207 
80 
153 
68 
14 
227 
254 
170 
53 
191 
164 
158 
58 
134 
191 
155 
247 
174 
136 
10 
44 
90 
156 
19 
146 
56 
93 
69 
27 
44 
137 
127 
88 
100 
11 
16 
49 
118 
131 
100 
76 
66 
25 
206 
151 
20 
132 
51 
200 
229 
121 
46 
213 
144 
1 
60 
82 
189 
39 
65 
107 
100 
10 
63 
120 
171 
73 
13 
125 
123 
217 
144 
157 
75 
37 
182 
143 
137 
112 
15 
57 
156 
152 
62 
31 
243 
105 
167 
173 
240 
66 
7 
161 
255 
221 
229 
87 
24 
209 
206 
227 
72 
202 
255 
57 
34 
207 
219 
145 
217 
44 
166 
186 
216 
164 
161 
48 
79 
8 
228 
102 
152 
22 
155 
44 
222 
5 
116 
52 
41 
202 
0 
24 
22 
158 
167 
34 
151 
0 
67 
83 
84 
96 
153 
206 
218 
27 
214 
195 
20 
127 
131 
85 
129 
236 
209 
243 
95 
203 
151 
201 
144 
20 
186 
223 
18 
185 
213 
123 
223 
127 
202 
111 
30 
28 
122 
123 
183 
78 
146 
150 
81 
141 
80 
115 
217 
219 
115 
82 
29 
110 
22 
134 
31 
63 
229 
71 
59 
31 
17 
172 
12 
25 
150 
54 
49 
54 
176 
227 
152 
172 
124 
26 
244 
146 
108 
253 
85 
189 
130 
239 
42 
82 
161 
19 
202 
153 
21 
52 
185 
110 
202 
11 
90 
120 
47 
80 
27 
140 
171 
46 
74 
126 
119 
144 
25 
130 
247 
172 
76 
248 
85 
46 
204 
54 
227 
218 
108 
250 
146 
127 
168 
26 
164 
135 
190 
81 
73 
217 
203 
206 
117 
134 
174 
90 
98 
233 
124 
122 
72 
193 
241 
215 
51 
84 
246 
199 
178 
209 
3 
223 
255 
223 
108 
141 
131 
18 
80 
189 
16 
85 
253 
111 
248 
0 
53 
117 
91 
224 
118 
14 
174 
49 
147 
147 
175 
241 
89 
200 
54 
74 
146 
238 
146 
84 
245 
38 
111 
227 
137 
119 
2 
13 
189 
229 
172 
215 
93 
108 
84 
122 
184 
253 
86 
18 
194 
94 
123 
20 
195 
114 
196 
201 
184 
149 
110 
182 
230 
100 
4 
31 
67 
52 
221 
90 
208 
101 
198 
75 
110 
26 
64 
38 
51 
56 
163 
176 
4 
45 
23 
174 
102 
133 
229 
20 
78 
44 
214 
210 
19 
168 
160 
251 
77 
4 
170 
161 
191 
189 
81 
184 
132 
118 
181 
77 
139 
156 
57 
43 
109 
14 
214 
240 
189 
213 
83 
51 
128 
233 
145 
252 
112 
17 
227 
29 
236 
45 
93 
118 
254 
106 
67 
219 
155 
233 
201 
255 
2 
30 
223 
220 
138 
114 
72 
213 
56 
251 
40 
46 
27 
134 
13 
98 
114 
122 
52 
16 
110 
150 
91 
177 
61 
153 
37 
226 
80 
29 
190 
43 
153 
118 
113 
139 
117 
70 
223 
131 
223 
100 
75 
15 
109 
159 
230 
9 
184 
126 
135 
114 
184 
175 
20 
176 
215 
45 
16 
230 
207 
148 
28 
185 
99 
106 
232 
20 
88 
152 
224 
213 
110 
140 
95 
108 
254 
215 
249 
222 
254 
185 
70 
19 
42 
103 
57 
3 
67 
67 
52 
75 
131 
111 
4 
210 
143 
230 
133 
135 
89 
177 
218 
234 
219 
135 
19 
197 
60 
7 
169 
249 
1 
212 
166 
230 
177 
148 
100 
238 
132 
174 
162 
33 
226 
95 
110 
203 
49 
252 
168 
251 
176 
108 
65 
198 
2 
217 
114 
218 
31 
230 
214 
185 
40 
167 
37 
208 
82 
22 
247 
118 
10 
18 
68 
66 
251 
42 
177 
37 
233 
195 
253 
128 
49 
184 
69 
71 
165 
239 
241 
215 
224 
171 
139 
94 
60 
132 
33 
39 
6 
206 
133 
17 
152 
54 
181 
255 
22 
190 
18 
110 
71 
52 
160 
20 
66 
116 
13 
13 
1 
173 
39 
186 
27 
231 
208 
43 
88 
166 
112 
81 
34 
22 
2 
62 
215 
152 
124 
254 
255 
181 
202 
158 
219 
44 
38 
147 
55 
136 
225 
111 
40 
2 
41 
73 
83 
107 
179 
3 
184 
227 
118 
176 
78 
89 
246 
235 
184 
167 
116 
77 
32 
250 
163 
183 
197 
98 
86 
182 
205 
82 
134 
32 
223 
99 
181 
56 
18 
147 
215 
230 
240 
28 
227 
86 
160 
190 
7 
135 
135 
83 
175 
12 
69 
142 
57 
84 
181 
94 
194 
139 
126 
92 
93 
99 
90 
105 
69 
219 
138 
18 
9 
223 
211 
114 
139 
185 
4 
82 
234 
59 
210 
93 
163 
13 
211 
200 
26 
26 
207 
184 
174 
187 
241 
135 
2 
233 
110 
225 
233 
39 
170 
103 
252 
194 
236 
148 
172 
26 
185 
23 
15 
7 
251 
75 
50 
53 
100 
133 
100 
197 
104 
95 
119 
199 
167 
184 
247 
151 
250 
130 
131 
78 
148 
61 
205 
166 
207 
169 
244 
71 
135 
185 
192 
196 
44 
212 
75 
59 
177 
130 
156 
233 
158 
179 
119 
2 
78 
100 
167 
136 
124 
2 
102 
194 
247 
19 
193 
104 
169 
72 
87 
249 
22 
31 
139 
64 
169 
11 
116 
157 
11 
215 
220 
128 
30 
27 
12 
255 
41 
35 
101 
97 
12 
95 
161 
246 
240 
240 
38 
184 
50 
223 
156 
223 
165 
141 
198 
120 
75 
167 
142 
95 
107 
119 
132 
89 
246 
26 
188 
13 
30 
15 
104 
173 
201 
102 
38 
49 
28 
35 
205 
116 
82 
222 
60 
43 
112 
97 
74 
67 
227 
47 
237 
245 
67 
100 
32 
113 
213 
42 
36 
66 
246 
33 
98 
185 
164 
26 
67 
46 
92 
4 
72 
242 
218 
216 
66 
233 
232 
19 
7 
188 
53 
120 
217 
197 
95 
205 
25 
202 
9 
197 
150 
177 
30 
56 
82 
200 
111 
49 
150 
175 
182 
120 
26 
234 
63 
152 
163 
151 
53 
231 
49 
190 
218 
144 
161 
113 
230 
15 
213 
41 
96 
48 
75 
235 
36 
204 
35 
203 
33 
133 
6 
212 
188 
142 
248 
126 
241 
157 
217 
223 
24 
255 
255 
97 
175 
51 
41 
189 
112 
205 
131 
71 
22 
193 
149 
15 
214 
171 
152 
32 
48 
55 
151 
194 
236 
76 
100 
78 
214 
186 
184 
89 
156 
34 
105 
144 
204 
73 
212 
108 
50 
8 
82 
48 
122 
132 
217 
164 
250 
139 
223 
123 
33 
43 
118 
34 
47 
68 
117 
144 
194 
227 
225 
204 
11 
117 
136 
241 
112 
163 
130 
191 
13 
248 
7 
127 
115 
109 
160 
101 
58 
224 
71 
149 
212 
190 
48 
108 
203 
214 
61 
201 
169 
198 
120 
13 
173 
144 
224 
255 
61 
237 
101 
182 
41 
67 
74 
209 
161 
125 
165 
15 
127 
54 
44 
228 
57 
203 
249 
11 
110 
131 
175 
210 
42 
33 
1 
177 
186 
55 
12 
170 
135 
240 
210 
21 
255 
201 
27 
150 
116 
247 
177 
132 
115 
94 
31 
9 
5 
192 
51 
129 
54 
140 
95 
7 
46 
42 
232 
206 
216 
130 
134 
114 
92 
0 
8 
102 
227 
237 
227 
12 
10 
44 
148 
247 
144 
30 
2 
220 
167 
2 
220 
15 
33 
137 
239 
73 
170 
213 
184 
96 
93 
210 
251 
30 
65 
216 
124 
202 
55 
18 
78 
154 
240 
96 
171 
244 
80 
87 
172 
70 
73 
238 
232 
71 
180 
143 
206 
41 
119 
127 
168 
147 
206 
137 
175 
200 
184 
180 
3 
55 
50 
236 
165 
32 
34 
225 
13 
209 
153 
98 
9 
86 
98 
91 
110 
161 
161 
158 
162 
88 
238 
48 
115 
9 
44 
181 
238 
213 
186 
121 
161 
163 
87 
123 
78 
243 
229 
122 
86 
188 
85 
180 
234 
88 
0 
238 
82 
222 
79 
139 
52 
211 
142 
133 
16 
154 
163 
166 
178 
236 
212 
61 
251 
51 
116 
187 
102 
190 
81 
234 
164 
124 
231 
156 
59 
196 
59 
201 
102 
231 
6 
189 
169 
176 
117 
183 
176 
37 
243 
71 
40 
71 
238 
128 
107 
79 
189 
131 
96 
233 
10 
168 
32 
34 
239 
176 
72 
130 
219 
235 
85 
238 
195 
198 
177 
213 
74 
152 
189 
241 
212 
87 
243 
6 
184 
34 
196 
45 
45 
231 
216 
96 
152 
223 
77 
192 
111 
193 
233 
249 
197 
57 
217 
244 
67 
44 
241 
250 
202 
18 
139 
151 
60 
139 
130 
244 
137 
80 
70 
18 
242 
4 
174 
40 
135 
244 
215 
34 
159 
35 
66 
218 
221 
112 
209 
142 
228 
202 
226 
134 
123 
23 
37 
72 
88 
62 
37 
71 
169 
68 
126 
227 
216 
29 
174 
244 
93 
110 
211 
74 
6 
212 
164 
87 
45 
64 
78 
25 
140 
212 
143 
16 
6 
170 
245 
26 
216 
84 
83 
162 
124 
14 
183 
199 
88 
3 
79 
147 
230 
29 
222 
30 
14 
243 
116 
19 
196 
153 
254 
203 
16 
43 
22 
123 
89 
84 
170 
146 
196 
64 
236 
6 
103 
128 
151 
206 
203 
76 
174 
200 
73 
38 
245 
192 
63 
58 
118 
78 
171 
0 
45 
24 
255 
151 
182 
229 
75 
179 
162 
153 
37 
192 
231 
8 
25 
86 
201 
154 
155 
188 
110 
21 
104 
190 
55 
68 
252 
177 
143 
108 
43 
101 
239 
2 
238 
250 
254 
189 
185 
59 
190 
29 
165 
227 
61 
221 
246 
126 
212 
137 
171 
64 
194 
189 
69 
38 
152 
241 
52 
148 
88 
35 
96 
21 
84 
173 
68 
141 
211 
105 
195 
131 
151 
217 
219 
179 
197 
152 
241 
133 
75 
147 
240 
133 
200 
166 
251 
225 
56 
231 
204 
178 
187 
194 
73 
63 
23 
92 
110 
225 
214 
36 
183 
231 
222 
18 
158 
105 
99 
243 
246 
236 
70 
232 
198 
63 
148 
93 
21 
40 
166 
71 
13 
155 
218 
85 
224 
171 
139 
66 
79 
79 
46 
146 
100 
142 
244 
59 
68 
61 
176 
52 
37 
73 
128 
45 
52 
23 
94 
164 
43 
176 
187 
88 
59 
16 
29 
25 
12 
171 
0 
79 
49 
82 
88 
171 
76 
103 
15 
184 
138 
221 
184 
196 
142 
189 
158 
236 
132 
123 
6 
143 
240 
94 
102 
172 
59 
128 
74 
242 
58 
254 
214 
53 
247 
70 
176 
68 
53 
196 
237 
128 
199 
54 
158 
131 
148 
158 
161 
22 
67 
198 
120 
179 
237 
163 
239 
22 
69 
40 
74 
138 
160 
144 
6 
63 
25 
7 
14 
213 
121 
157 
67 
204 
217 
239 
218 
20 
152 
95 
204 
139 
50 
161 
205 
133 
202 
120 
108 
93 
165 
250 
253 
27 
235 
77 
110 
117 
216 
202 
225 
229 
84 
126 
193 
49 
197 
102 
64 
80 
23 
12 
237 
125 
142 
61 
231 
153 
75 
87 
199 
142 
179 
111 
22 
195 
214 
193 
57 
105 
134 
247 
202 
195 
222 
203 
90 
164 
202 
20 
205 
71 
178 
235 
121 
5 
175 
126 
89 
79 
210 
87 
45 
108 
13 
181 
171 
0 
68 
188 
82 
0 
75 
199 
11 
71 
136 
223 
120 
102 
24 
139 
217 
145 
213 
73 
242 
214 
20 
48 
177 
152 
110 
188 
169 
245 
39 
133 
174 
71 
229 
51 
41 
217 
6 
205 
121 
106 
82 
76 
50 
99 
247 
117 
28 
160 
128 
182 
225 
126 
208 
164 
144 
224 
191 
117 
202 
95 
78 
90 
65 
85 
21 
138 
73 
191 
241 
86 
86 
24 
239 
126 
42 
204 
46 
90 
122 
67 
200 
127 
11 
58 
3 
93 
140 
142 
173 
247 
93 
216 
238 
142 
216 
64 
224 
165 
114 
240 
204 
69 
136 
249 
186 
5 
26 
52 
14 
229 
146 
190 
166 
95 
90 
141 
14 
238 
72 
15 
69 
155 
35 
223 
11 
193 
130 
153 
239 
182 
36 
187 
75 
193 
128 
162 
190 
222 
5 
68 
107 
161 
142 
17 
178 
99 
59 
43 
218 
190 
45 
173 
168 
128 
140 
105 
64 
210 
172 
20 
74 
124 
87 
37 
97 
205 
241 
110 
195 
246 
208 
61 
247 
59 
63 
191 
40 
116 
87 
80 
254 
246 
156 
86 
189 
106 
20 
206 
252 
220 
235 
34 
117 
48 
174 
164 
109 
241 
130 
124 
66 
220 
173 
77 
93 
127 
43 
164 
213 
62 
195 
184 
164 
86 
192 
217 
225 
252 
99 
164 
16 
255 
73 
115 
118 
9 
20 
241 
232 
101 
157 
79 
92 
122 
2 
161 
166 
208 
27 
6 
129 
96 
90 
200 
123 
140 
19 
43 
196 
217 
61 
111 
235 
254 
183 
54 
66 
183 
87 
180 
57 
163 
225 
108 
56 
68 
58 
83 
235 
105 
127 
157 
3 
206 
215 
166 
35 
209 
64 
192 
36 
47 
16 
134 
26 
146 
231 
76 
223 
152 
176 
174 
178 
146 
10 
59 
55 
100 
20 
218 
94 
67 
19 
97 
6 
251 
100 
48 
91 
127 
7 
222 
179 
248 
208 
14 
215 
61 
9 
37 
19 
213 
157 
219 
43 
61 
33 
141 
178 
51 
97 
58 
218 
19 
137 
124 
199 
187 
151 
146 
123 
75 
176 
251 
157 
130 
141 
41 
68 
146 
250 
154 
84 
39 
95 
99 
104 
121 
92 
191 
105 
209 
74 
10 
209 
95 
145 
247 
116 
224 
216 
174 
79 
140 
217 
244 
94 
137 
52 
234 
5 
105 
141 
96 
13 
207 
142 
27 
35 
142 
5 
125 
76 
184 
187 
100 
118 
225 
55 
187 
188 
54 
118 
38 
125 
65 
242 
7 
88 
147 
156 
56 
224 
250 
4 
71 
3 
161 
47 
29 
38 
168 
8 
27 
32 
24 
106 
113 
179 
29 
150 
207 
38 
241 
19 
90 
225 
186 
7 
46 
223 
57 
149 
212 
91 
61 
221 
41 
161 
87 
34 
167 
106 
221 
236 
108 
189 
234 
125 
168 
0 
229 
194 
132 
31 
245 
171 
219 
101 
195 
29 
212 
29 
43 
77 
50 
51 
199 
144 
235 
219 
227 
237 
141 
28 
240 
156 
163 
77 
112 
140 
91 
133 
109 
163 
6 
217 
31 
123 
118 
92 
249 
241 
179 
76 
149 
3 
238 
126 
63 
148 
65 
110 
16 
221 
51 
237 
250 
86 
139 
231 
216 
93 
216 
154 
63 
231 
63 
193 
112 
118 
23 
245 
98 
228 
219 
202 
33 
202 
211 
216 
220 
156 
15 
11 
217 
205 
25 
168 
112 
237 
4 
171 
236 
239 
5 
217 
148 
95 
204 
231 
38 
158 
239 
64 
162 
72 
198 
213 
233 
92 
82 
62 
9 
136 
237 
76 
65 
15 
207 
148 
64 
210 
56 
92 
70 
30 
30 
128 
37 
212 
22 
75 
29 
23 
5 
73 
191 
145 
33 
105 
135 
83 
59 
118 
193 
97 
109 
148 
73 
7 
61 
8 
177 
103 
42 
161 
74 
249 
71 
159 
246 
23 
64 
88 
123 
52 
148 
233 
132 
234 
252 
127 
41 
110 
100 
222 
236 
234 
64 
193 
156 
190 
86 
2 
196 
78 
227 
72 
154 
90 
26 
167 
232 
247 
145 
141 
251 
59 
215 
104 
153 
87 
22 
8 
6 
45 
80 
243 
184 
153 
147 
135 
198 
143 
188 
243 
233 
11 
104 
22 
78 
14 
129 
77 
185 
176 
42 
122 
120 
244 
207 
113 
21 
53 
173 
46 
94 
200 
90 
144 
27 
153 
102 
39 
155 
39 
192 
254 
170 
216 
2 
147 
230 
81 
199 
103 
161 
204 
51 
48 
48 
29 
204 
79 
131 
20 
31 
14 
221 
86 
105 
191 
174 
201 
209 
174 
75 
137 
65 
38 
158 
234 
202 
167 
105 
186 
17 
85 
154 
227 
7 
170 
25 
196 
178 
127 
252 
39 
31 
53 
90 
46 
157 
200 
72 
46 
209 
52 
132 
181 
80 
222 
178 
20 
170 
129 
50 
112 
95 
169 
57 
114 
53 
150 
114 
5 
151 
216 
125 
232 
35 
135 
168 
159 
105 
73 
6 
70 
88 
208 
15 
120 
249 
45 
54 
38 
33 
248 
107 
234 
80 
51 
0 
204 
150 
253 
87 
124 
2 
111 
236 
117 
71 
29 
77 
8 
44 
66 
231 
163 
179 
179 
116 
211 
86 
56 
39 
170 
189 
129 
8 
216 
6 
169 
70 
141 
55 
161 
228 
192 
217 
62 
54 
205 
105 
121 
64 
197 
227 
41 
209 
126 
244 
161 
244 
160 
232 
1 
52 
156 
182 
203 
26 
65 
105 
133 
158 
236 
81 
190 
214 
82 
154 
187 
172 
171 
36 
219 
107 
102 
69 
84 
79 
28 
106 
88 
203 
174 
157 
186 
171 
148 
26 
68 
66 
201 
155 
57 
52 
203 
214 
161 
199 
139 
197 
211 
91 
134 
83 
26 
135 
103 
111 
6 
149 
138 
205 
96 
153 
26 
8 
90 
208 
94 
204 
28 
243 
192 
59 
166 
106 
2 
86 
225 
218 
191 
225 
25 
154 
150 
177 
218 
144 
30 
106 
176 
85 
240 
160 
247 
87 
113 
51 
68 
3 
237 
69 
73 
170 
83 
102 
116 
95 
10 
50 
248 
114 
137 
42 
217 
239 
132 
174 
66 
44 
117 
2 
102 
227 
57 
168 
151 
146 
201 
121 
193 
149 
213 
112 
103 
138 
205 
98 
127 
28 
182 
203 
5 
101 
159 
239 
173 
56 
105 
25 
108 
229 
44 
12 
252 
203 
28 
248 
24 
21 
230 
71 
44 
46 
67 
52 
210 
27 
218 
132 
63 
228 
113 
213 
89 
8 
2 
245 
58 
108 
124 
235 
108 
68 
124 
232 
2 
247 
14 
154 
21 
174 
54 
158 
183 
203 
241 
223 
246 
102 
44 
27 
8 
140 
105 
51 
38 
83 
238 
176 
121 
226 
42 
145 
252 
163 
195 
241 
125 
68 
95 
153 
93 
115 
119 
167 
239 
146 
69 
155 
62 
236 
13 
223 
161 
163 
36 
125 
81 
81 
146 
159 
51 
205 
143 
196 
35 
84 
210 
88 
107 
83 
218 
11 
88 
13 
211 
83 
75 
146 
81 
199 
127 
172 
78 
132 
83 
128 
70 
116 
4 
67 
38 
207 
40 
218 
226 
200 
25 
150 
197 
99 
253 
132 
214 
71 
180 
186 
180 
253 
77 
187 
61 
88 
51 
17 
253 
84 
255 
205 
94 
187 
27 
78 
51 
153 
155 
79 
179 
177 
172 
72 
63 
45 
10 
230 
50 
41 
218 
254 
4 
175 
213 
108 
3 
118 
97 
172 
9 
238 
87 
113 
211 
12 
190 
4 
95 
6 
125 
211 
208 
215 
213 
209 
224 
33 
75 
119 
108 
188 
128 
16 
136 
240 
187 
245 
222 
34 
222 
89 
60 
13 
5 
91 
89 
71 
26 
16 
78 
175 
48 
252 
127 
1 
226 
221 
15 
56 
208 
245 
144 
210 
254 
188 
4 
63 
165 
133 
97 
212 
254 
178 
196 
88 
131 
119 
46 
215 
163 
16 
13 
220 
6 
72 
247 
230 
4 
84 
157 
158 
61 
121 
43 
115 
91 
181 
184 
92 
133 
201 
35 
45 
146 
86 
106 
115 
211 
93 
155 
233 
249 
39 
210 
131 
218 
86 
113 
82 
156 
127 
211 
186 
229 
140 
245 
228 
157 
46 
181 
193 
224 
90 
151 
186 
187 
186 
254 
59 
39 
221 
74 
111 
113 
235 
95 
19 
80 
57 
138 
14 
41 
25 
123 
129 
143 
48 
221 
224 
198 
37 
106 
173 
171 
10 
68 
138 
171 
246 
69 
222 
131 
100 
57 
139 
238 
85 
19 
54 
35 
124 
160 
252 
33 
53 
221 
180 
203 
72 
62 
218 
107 
157 
183 
255 
233 
167 
7 
214 
48 
5 
70 
37 
168 
254 
212 
98 
27 
84 
220 
175 
131 
84 
161 
159 
64 
241 
115 
110 
182 
164 
149 
25 
29 
72 
32 
8 
178 
78 
0 
74 
180 
198 
171 
56 
190 
37 
210 
226 
52 
126 
153 
37 
100 
207 
152 
193 
210 
92 
224 
71 
222 
16 
232 
229 
137 
184 
56 
56 
167 
162 
47 
193 
134 
252 
212 
51 
14 
60 
101 
121 
200 
152 
93 
152 
74 
114 
15 
48 
37 
95 
113 
249 
246 
230 
223 
148 
58 
194 
53 
86 
234 
90 
227 
218 
209 
71 
58 
29 
209 
161 
21 
79 
253 
101 
196 
158 
153 
183 
135 
151 
79 
84 
207 
41 
48 
208 
57 
163 
165 
130 
28 
210 
245 
193 
199 
200 
219 
12 
223 
87 
243 
92 
149 
125 
206 
154 
203 
251 
239 
211 
250 
3 
137 
147 
2 
138 
125 
235 
184 
109 
230 
147 
218 
241 
158 
120 
54 
190 
135 
59 
24 
136 
214 
160 
229 
7 
22 
202 
80 
186 
129 
73 
12 
25 
246 
145 
86 
68 
108 
209 
93 
181 
124 
208 
171 
101 
12 
248 
42 
111 
156 
171 
141 
83 
28 
87 
89 
161 
168 
164 
12 
184 
24 
202 
142 
0 
94 
245 
222 
6 
25 
226 
243 
247 
11 
99 
70 
169 
235 
101 
240 
39 
235 
43 
71 
117 
28 
240 
175 
243 
150 
241 
255 
230 
65 
197 
74 
147 
35 
122 
42 
240 
70 
9 
179 
33 
3 
89 
89 
127 
132 
193 
182 
71 
80 
180 
92 
98 
166 
225 
163 
39 
73 
104 
224 
194 
98 
147 
226 
60 
96 
236 
4 
11 
208 
243 
172 
213 
79 
249 
5 
172 
152 
208 
11 
189 
133 
210 
216 
158 
217 
200 
22 
176 
51 
86 
25 
201 
20 
130 
212 
106 
98 
40 
217 
190 
145 
202 
31 
190 
105 
134 
137 
61 
21 
43 
235 
204 
90 
118 
20 
34 
64 
178 
79 
224 
192 
238 
74 
0 
232 
158 
94 
1 
86 
108 
88 
214 
135 
132 
67 
222 
112 
158 
152 
226 
133 
206 
163 
3 
43 
99 
36 
121 
195 
104 
227 
75 
105 
230 
200 
102 
207 
5 
34 
160 
205 
66 
151 
104 
133 
236 
20 
25 
23 
63 
251 
52 
158 
198 
9 
95 
61 
51 
250 
102 
205 
181 
200 
11 
193 
8 
196 
228 
160 
244 
154 
225 
235 
220 
123 
79 
177 
1 
117 
86 
127 
31 
21 
51 
52 
223 
242 
6 
248 
76 
88 
77 
168 
148 
178 
150 
9 
64 
129 
36 
42 
102 
180 
4 
49 
107 
159 
229 
48 
51 
174 
166 
2 
189 
186 
99 
187 
63 
180 
177 
22 
118 
126 
253 
61 
72 
45 
125 
253 
138 
158 
184 
40 
67 
199 
97 
113 
93 
52 
147 
7 
105 
61 
115 
140 
135 
23 
10 
248 
171 
38 
136 
243 
1 
222 
161 
98 
81 
190 
44 
33 
163 
220 
194 
115 
76 
227 
43 
73 
122 
158 
140 
189 
244 
125 
220 
90 
105 
205 
180 
89 
79 
230 
196 
125 
161 
12 
94 
187 
155 
235 
157 
8 
114 
162 
250 
160 
247 
161 
224 
108 
85 
108 
134 
118 
238 
60 
135 
146 
178 
217 
41 
66 
99 
211 
59 
198 
13 
167 
93 
184 
27 
97 
233 
136 
155 
27 
48 
248 
60 
15 
122 
145 
108 
85 
104 
132 
66 
108 
37 
171 
134 
18 
154 
83 
50 
245 
195 
94 
124 
73 
58 
162 
156 
6 
180 
40 
85 
54 
102 
106 
47 
16 
251 
203 
188 
11 
226 
250 
92 
40 
18 
221 
42 
169 
99 
178 
232 
74 
243 
215 
197 
240 
217 
2 
198 
211 
247 
152 
0 
198 
60 
196 
22 
87 
77 
245 
219 
118 
234 
179 
246 
123 
93 
32 
210 
123 
249 
39 
59 
234 
125 
14 
42 
116 
37 
1 
84 
133 
212 
175 
206 
177 
38 
173 
123 
237 
43 
235 
84 
101 
47 
52 
245 
232 
71 
3 
10 
225 
186 
201 
77 
213 
70 
201 
77 
202 
113 
179 
143 
79 
106 
76 
138 
67 
104 
27 
178 
208 
46 
223 
255 
163 
21 
30 
232 
83 
226 
56 
141 
220 
167 
106 
69 
215 
179 
119 
163 
168 
245 
84 
242 
150 
132 
31 
125 
77 
242 
212 
133 
101 
188 
67 
147 
254 
50 
51 
142 
127 
249 
120 
171 
222 
55 
122 
173 
134 
163 
77 
65 
130 
100 
191 
3 
115 
70 
196 
166 
233 
118 
92 
246 
18 
27 
139 
199 
32 
69 
82 
246 
58 
65 
110 
8 
250 
74 
217 
21 
139 
113 
75 
177 
106 
216 
154 
87 
161 
30 
207 
193 
174 
142 
112 
19 
92 
219 
202 
85 
113 
130 
25 
184 
69 
148 
55 
51 
217 
25 
168 
86 
173 
190 
178 
56 
135 
48 
152 
159 
98 
204 
231 
69 
120 
201 
24 
160 
164 
4 
60 
185 
134 
82 
62 
169 
184 
192 
44 
22 
16 
169 
209 
18 
16 
56 
92 
119 
52 
129 
7 
216 
254 
85 
186 
79 
104 
5 
73 
94 
160 
171 
228 
212 
13 
238 
110 
133 
150 
109 
148 
16 
113 
199 
135 
226 
120 
23 
143 
80 
132 
71 
159 
246 
240 
136 
145 
68 
39 
204 
185 
104 
116 
252 
127 
41 
43 
19 
115 
61 
19 
251 
213 
48 
226 
86 
2 
196 
78 
229 
132 
232 
196 
203 
202 
140 
255 
145 
141 
251 
183 
30 
71 
41 
141 
59 
12 
201 
187 
80 
243 
184 
215 
163 
86 
154 
13 
199 
43 
197 
51 
104 
22 
78 
51 
45 
206 
29 
195 
48 
198 
65 
51 
207 
113 
21 
53 
103 
137 
17 
108 
173 
215 
244 
42 
102 
39 
155 
150 
46 
210 
205 
146 
90 
71 
119 
62 
199 
103 
161 
16 
138 
35 
30 
102 
107 
255 
113 
29 
31 
14 
221 
251 
23 
108 
94 
232 
175 
61 
139 
226 
65 
38 
158 
205 
73 
23 
184 
243 
255 
183 
84 
231 
7 
170 
25 
187 
139 
57 
79 
28 
203 
240 
111 
78 
157 
200 
72 
173 
113 
190 
42 
241 
157 
32 
214 
33 
170 
129 
50 
83 
3 
150 
136 
152 
116 
241 
172 
230 
151 
216 
125 
171 
52 
25 
206 
194 
238 
27 
21 
201 
88 
208 
15 
37 
255 
59 
220 
4 
35 
215 
147 
148 
80 
51 
0 
153 
97 
166 
94 
215 
201 
73 
242 
136 
71 
29 
77 
8 
62 
69 
159 
183 
174 
252 
151 
183 
86 
56 
39 
170 
34 
162 
125 
168 
60 
136 
114 
90 
55 
161 
228 
192 
3 
200 
125 
70 
114 
232 
78 
147 
227 
41 
209 
126 
157 
242 
171 
50 
201 
240 
62 
250 
182 
203 
26 
65 
12 
173 
45 
251 
30 
92 
136 
136 
154 
187 
172 
171 
36 
2 
20 
16 
248 
196 
176 
29 
106 
88 
203 
174 
134 
13 
91 
130 
11 
41 
150 
154 
155 
57 
52 
203 
55 
108 
88 
56 
145 
193 
159 
237 
83 
26 
135 
103 
48 
31 
188 
214 
127 
59 
36 
187 
8 
90 
208 
94 
240 
198 
69 
163 
132 
231 
36 
35 
86 
225 
218 
191 
252 
39 
12 
85 
146 
156 
123 
179 
106 
176 
85 
240 
247 
237 
132 
173 
144 
16 
162 
81 
69 
73 
170 
83 
157 
17 
181 
80 
194 
219 
24 
138 
42 
217 
239 
132 
247 
144 
131 
235 
119 
97 
244 
229 
168 
151 
146 
201 
49 
184 
6 
16 
210 
6 
254 
156 
98 
127 
28 
182 
196 
194 
250 
90 
7 
158 
112 
197 
25 
108 
229 
44 
1 
168 
222 
227 
109 
54 
21 
59 
71 
44 
46 
67 
52 
32 
49 
101 
155 
209 
170 
149 
213 
89 
8 
2 
245 
250 
105 
43 
141 
106 
25 
255 
232 
2 
247 
14 
154 
164 
92 
25 
113 
153 
184 
189 
223 
246 
102 
44 
27 
177 
70 
145 
246 
44 
152 
40 
176 
121 
226 
42 
145 
242 
201 
244 
94 
46 
147 
249 
153 
93 
115 
119 
167 
170 
238 
164 
78 
136 
162 
151 
223 
161 
163 
36 
125 
189 
82 
55 
101 
104 
238 
241 
196 
35 
84 
210 
88 
116 
229 
237 
174 
111 
222 
145 
83 
75 
146 
81 
199 
96 
60 
201 
70 
85 
122 
2 
116 
4 
67 
38 
207 
24 
112 
105 
199 
115 
224 
142 
99 
253 
132 
214 
71 
172 
182 
114 
145 
41 
1 
179 
88 
51 
17 
253 
84 
152 
56 
149 
161 
75 
186 
35 
153 
155 
79 
179 
177 
237 
38 
135 
253 
36 
76 
192 
41 
218 
254 
4 
175 
232 
9 
119 
50 
81 
57 
36 
238 
87 
113 
211 
12 
250 
187 
86 
164 
142 
100 
88 
215 
213 
209 
224 
33 
220 
0 
152 
160 
133 
139 
209 
240 
187 
245 
222 
34 
27 
231 
191 
60 
129 
204 
58 
